Commune,Niveau,Détails
Ambléon (01300),Crise,zone : Rivières du Bugey (eaux superficielles)<br>arrêté valable du 11/08/2022 au 31/10/2022
Ambronay (01500),Crise,zone : Rivières du Bugey (eaux superficielles)<br>arrêté valable du 11/08/2022 au 31/10/2022
Ambronay (01500),Alerte,zone : Plaine de l'Ain (eaux souterraines)<br>arrêté valable du 11/08/2022 au 31/10/2022
Ambutrix (01500),Crise,zone : Rivières du Bugey (eaux superficielles)<br>arrêté valable du 11/08/2022 au 31/10/2022
Ambutrix (01500),Alerte,zone : Plaine de l'Ain (eaux souterraines)<br>arrêté valable du 11/08/2022 au 31/10/2022
Ambérieu-en-Bugey (01500),Crise,zone : Rivières du Bugey (eaux superficielles)<br>arrêté valable du 11/08/2022 au 31/10/2022
Ambérieu-en-Bugey (01500),Alerte,zone : Plaine de l'Ain (eaux souterraines)<br>arrêté valable du 11/08/2022 au 31/10/2022
Ambérieux-en-Dombes (01330),Crise,zone : Rivières de Dombes (eaux superficielles)<br>arrêté valable du 11/08/2022 au 31/10/2022
Ambérieux-en-Dombes (01330),Vigilance,zone : Dombes – Certines – Nord (eaux souterraines)<br>arrêté valable du 11/08/2022 au 31/10/2022
Ambérieux-en-Dombes (01330),Alerte renforcée,zone : Dombes – Sud (eaux souterraines)<br>arrêté valable du 11/08/2022 au 31/10/2022
Andert-et-Condon (01300),Crise,zone : Rivières du Bugey (eaux superficielles)<br>arrêté valable du 11/08/2022 au 31/10/2022
Anglefort (01350),Crise,zone : Rivières du Haut-Rhône (eaux superficielles)<br>arrêté valable du 11/08/2022 au 31/10/2022
Apremont (01100),Crise,zone : Rivières du Bugey (eaux superficielles)<br>arrêté valable du 11/08/2022 au 31/10/2022
Aranc (01110),Crise,zone : Rivières du Bugey (eaux superficielles)<br>arrêté valable du 11/08/2022 au 31/10/2022
Arandas (01230),Crise,zone : Rivières du Bugey (eaux superficielles)<br>arrêté valable du 11/08/2022 au 31/10/2022
Arbent (01100),Crise,zone : Rivières du Bugey (eaux superficielles)<br>arrêté valable du 11/08/2022 au 31/10/2022
Arbigny (01190),Crise,zone : Saône Aval (eaux superficielles)<br>arrêté valable du 11/08/2022 au 31/10/2022
Arbigny (01190),Crise,zone : Saône Aval (eaux souterraines)<br>arrêté valable du 11/08/2022 au 31/10/2022
Arboys en Bugey (01300),Crise,zone : Rivières du Bugey (eaux superficielles)<br>arrêté valable du 11/08/2022 au 31/10/2022
Argis (01230),Crise,zone : Rivières du Bugey (eaux superficielles)<br>arrêté valable du 11/08/2022 au 31/10/2022
Armix (01510),Crise,zone : Rivières du Bugey (eaux superficielles)<br>arrêté valable du 11/08/2022 au 31/10/2022
Ars-sur-Formans (01480),Crise,zone : Rivières de Dombes (eaux superficielles)<br>arrêté valable du 11/08/2022 au 31/10/2022
Ars-sur-Formans (01480),Alerte renforcée,zone : Dombes – Sud (eaux souterraines)<br>arrêté valable du 11/08/2022 au 31/10/2022
Artemare (01510),Crise,zone : Rivières du Haut-Rhône (eaux superficielles)<br>arrêté valable du 11/08/2022 au 31/10/2022
Arvière-en-Valromey (01260),Crise,zone : Rivières du Haut-Rhône (eaux superficielles)<br>arrêté valable du 11/08/2022 au 31/10/2022
Asnières-sur-Saône (01570),Crise,zone : Saône Aval (eaux superficielles)<br>arrêté valable du 11/08/2022 au 31/10/2022
Asnières-sur-Saône (01570),Crise,zone : Saône Aval (eaux souterraines)<br>arrêté valable du 11/08/2022 au 31/10/2022
Attignat (01340),Alerte renforcée,zone : Rivières de Bresse (eaux superficielles)<br>arrêté valable du 11/08/2022 au 31/10/2022
Balan (01360),Crise,zone : Rivières de Dombes (eaux superficielles)<br>arrêté valable du 11/08/2022 au 31/10/2022
Balan (01360),Alerte,zone : Plaine de l'Ain (eaux souterraines)<br>arrêté valable du 11/08/2022 au 31/10/2022
Baneins (01990),Crise,zone : Rivières de Dombes (eaux superficielles)<br>arrêté valable du 11/08/2022 au 31/10/2022
Baneins (01990),Vigilance,zone : Dombes – Certines – Nord (eaux souterraines)<br>arrêté valable du 11/08/2022 au 31/10/2022
Beaupont (01270),Alerte renforcée,zone : Rivières de Bresse (eaux superficielles)<br>arrêté valable du 11/08/2022 au 31/10/2022
Beauregard (01480),Crise,zone : Rivières de Dombes (eaux superficielles)<br>arrêté valable du 11/08/2022 au 31/10/2022
Beauregard (01480),Crise,zone : Saône Aval (eaux superficielles)<br>arrêté valable du 11/08/2022 au 31/10/2022
Beauregard (01480),Alerte renforcée,zone : Dombes – Sud (eaux souterraines)<br>arrêté valable du 11/08/2022 au 31/10/2022
Beauregard (01480),Crise,zone : Saône Aval (eaux souterraines)<br>arrêté valable du 11/08/2022 au 31/10/2022
Belley (01300),Crise,zone : Rivières du Bugey (eaux superficielles)<br>arrêté valable du 11/08/2022 au 31/10/2022
Belleydoux (01130),Crise,zone : Rivières du Haut-Rhône (eaux superficielles)<br>arrêté valable du 11/08/2022 au 31/10/2022
Bellignat (01100),Crise,zone : Rivières du Bugey (eaux superficielles)<br>arrêté valable du 11/08/2022 au 31/10/2022
Bettant (01500),Crise,zone : Rivières du Bugey (eaux superficielles)<br>arrêté valable du 11/08/2022 au 31/10/2022
Bettant (01500),Alerte,zone : Plaine de l'Ain (eaux souterraines)<br>arrêté valable du 11/08/2022 au 31/10/2022
Bey (01290),Crise,zone : Rivières de Dombes (eaux superficielles)<br>arrêté valable du 11/08/2022 au 31/10/2022
Bey (01290),Crise,zone : Saône Aval (eaux superficielles)<br>arrêté valable du 11/08/2022 au 31/10/2022
Bey (01290),Vigilance,zone : Dombes – Certines – Nord (eaux souterraines)<br>arrêté valable du 11/08/2022 au 31/10/2022
Bey (01290),Crise,zone : Saône Aval (eaux souterraines)<br>arrêté valable du 11/08/2022 au 31/10/2022
Beynost (01700),Crise,zone : Rivières de Dombes (eaux superficielles)<br>arrêté valable du 11/08/2022 au 31/10/2022
Beynost (01700),Alerte renforcée,zone : Dombes – Sud (eaux souterraines)<br>arrêté valable du 11/08/2022 au 31/10/2022
Billiat (01200),Crise,zone : Rivières du Haut-Rhône (eaux superficielles)<br>arrêté valable du 11/08/2022 au 31/10/2022
Birieux (01330),Crise,zone : Rivières de Dombes (eaux superficielles)<br>arrêté valable du 11/08/2022 au 31/10/2022
Birieux (01330),Vigilance,zone : Dombes – Certines – Nord (eaux souterraines)<br>arrêté valable du 11/08/2022 au 31/10/2022
Birieux (01330),Alerte renforcée,zone : Dombes – Sud (eaux souterraines)<br>arrêté valable du 11/08/2022 au 31/10/2022
Biziat (01290),Crise,zone : Rivières de Dombes (eaux superficielles)<br>arrêté valable du 11/08/2022 au 31/10/2022
Biziat (01290),Vigilance,zone : Dombes – Certines – Nord (eaux souterraines)<br>arrêté valable du 11/08/2022 au 31/10/2022
Blyes (01150),Crise,zone : Rivières du Bugey (eaux superficielles)<br>arrêté valable du 11/08/2022 au 31/10/2022
Blyes (01150),Alerte,zone : Plaine de l'Ain (eaux souterraines)<br>arrêté valable du 11/08/2022 au 31/10/2022
Bohas-Meyriat-Rignat (01250),Crise,zone : Rivières du Bugey (eaux superficielles)<br>arrêté valable du 11/08/2022 au 31/10/2022
"Boissey (01190, 01380)",Alerte renforcée,zone : Rivières de Bresse (eaux superficielles)<br>arrêté valable du 11/08/2022 au 31/10/2022
Bolozon (01450),Crise,zone : Rivières du Bugey (eaux superficielles)<br>arrêté valable du 11/08/2022 au 31/10/2022
Bouligneux (01330),Crise,zone : Rivières de Dombes (eaux superficielles)<br>arrêté valable du 11/08/2022 au 31/10/2022
Bouligneux (01330),Vigilance,zone : Dombes – Certines – Nord (eaux souterraines)<br>arrêté valable du 11/08/2022 au 31/10/2022
Bourg-Saint-Christophe (01800),Crise,zone : Rivières de Dombes (eaux superficielles)<br>arrêté valable du 11/08/2022 au 31/10/2022
Bourg-Saint-Christophe (01800),Alerte,zone : Plaine de l'Ain (eaux souterraines)<br>arrêté valable du 11/08/2022 au 31/10/2022
Bourg-en-Bresse (01000),Alerte renforcée,zone : Rivières de Bresse (eaux superficielles)<br>arrêté valable du 11/08/2022 au 31/10/2022
Bourg-en-Bresse (01000),Crise,zone : Rivières de Dombes (eaux superficielles)<br>arrêté valable du 11/08/2022 au 31/10/2022
Bourg-en-Bresse (01000),Vigilance,zone : Dombes – Certines – Nord (eaux souterraines)<br>arrêté valable du 11/08/2022 au 31/10/2022
Boyeux-Saint-Jérôme (01640),Crise,zone : Rivières du Bugey (eaux superficielles)<br>arrêté valable du 11/08/2022 au 31/10/2022
Boz (01190),Alerte renforcée,zone : Rivières de Bresse (eaux superficielles)<br>arrêté valable du 11/08/2022 au 31/10/2022
Boz (01190),Crise,zone : Saône Aval (eaux superficielles)<br>arrêté valable du 11/08/2022 au 31/10/2022
Boz (01190),Crise,zone : Saône Aval (eaux souterraines)<br>arrêté valable du 11/08/2022 au 31/10/2022
Brens (01300),Crise,zone : Rivières du Bugey (eaux superficielles)<br>arrêté valable du 11/08/2022 au 31/10/2022
Bresse Vallons (01340),Alerte renforcée,zone : Rivières de Bresse (eaux superficielles)<br>arrêté valable du 11/08/2022 au 31/10/2022
Bressolles (01360),Crise,zone : Rivières de Dombes (eaux superficielles)<br>arrêté valable du 11/08/2022 au 31/10/2022
Bressolles (01360),Alerte,zone : Plaine de l'Ain (eaux souterraines)<br>arrêté valable du 11/08/2022 au 31/10/2022
Brion (01460),Crise,zone : Rivières du Bugey (eaux superficielles)<br>arrêté valable du 11/08/2022 au 31/10/2022
Briord (01470),Crise,zone : Rivières du Bugey (eaux superficielles)<br>arrêté valable du 11/08/2022 au 31/10/2022
Brégnier-Cordon (01300),Crise,zone : Rivières du Bugey (eaux superficielles)<br>arrêté valable du 11/08/2022 au 31/10/2022
Brénod (01110),Crise,zone : Rivières du Bugey (eaux superficielles)<br>arrêté valable du 11/08/2022 au 31/10/2022
Buellas (01310),Crise,zone : Rivières de Dombes (eaux superficielles)<br>arrêté valable du 11/08/2022 au 31/10/2022
Buellas (01310),Vigilance,zone : Dombes – Certines – Nord (eaux souterraines)<br>arrêté valable du 11/08/2022 au 31/10/2022
Bâgé-Dommartin (01380),Alerte renforcée,zone : Rivières de Bresse (eaux superficielles)<br>arrêté valable du 11/08/2022 au 31/10/2022
Bâgé-le-Châtel (01380),Alerte renforcée,zone : Rivières de Bresse (eaux superficielles)<br>arrêté valable du 11/08/2022 au 31/10/2022
Béard-Géovreissiat (01460),Crise,zone : Rivières du Bugey (eaux superficielles)<br>arrêté valable du 11/08/2022 au 31/10/2022
Béligneux (01360),Crise,zone : Rivières de Dombes (eaux superficielles)<br>arrêté valable du 11/08/2022 au 31/10/2022
Béligneux (01360),Alerte,zone : Plaine de l'Ain (eaux souterraines)<br>arrêté valable du 11/08/2022 au 31/10/2022
Bénonces (01470),Crise,zone : Rivières du Bugey (eaux superficielles)<br>arrêté valable du 11/08/2022 au 31/10/2022
Bény (01370),Alerte renforcée,zone : Rivières de Bresse (eaux superficielles)<br>arrêté valable du 11/08/2022 au 31/10/2022
Béon (01350),Crise,zone : Rivières du Haut-Rhône (eaux superficielles)<br>arrêté valable du 11/08/2022 au 31/10/2022
Béréziat (01340),Alerte renforcée,zone : Rivières de Bresse (eaux superficielles)<br>arrêté valable du 11/08/2022 au 31/10/2022
Ceignes (01430),Crise,zone : Rivières du Bugey (eaux superficielles)<br>arrêté valable du 11/08/2022 au 31/10/2022
Cerdon (01450),Crise,zone : Rivières du Bugey (eaux superficielles)<br>arrêté valable du 11/08/2022 au 31/10/2022
Certines (01240),Alerte renforcée,zone : Rivières de Bresse (eaux superficielles)<br>arrêté valable du 11/08/2022 au 31/10/2022
Certines (01240),Crise,zone : Rivières de Dombes (eaux superficielles)<br>arrêté valable du 11/08/2022 au 31/10/2022
Certines (01240),Vigilance,zone : Dombes – Certines – Nord (eaux souterraines)<br>arrêté valable du 11/08/2022 au 31/10/2022
Cessy (01170),Crise,zone : Rivières du Haut-Rhône (eaux superficielles)<br>arrêté valable du 11/08/2022 au 31/10/2022
Cessy (01170),Vigilance,zone : Pays de Gex (eaux souterraines)<br>arrêté valable du 11/08/2022 au 31/10/2022
Ceyzériat (01250),Alerte renforcée,zone : Rivières de Bresse (eaux superficielles)<br>arrêté valable du 11/08/2022 au 31/10/2022
Ceyzériat (01250),Vigilance,zone : Dombes – Certines – Nord (eaux souterraines)<br>arrêté valable du 11/08/2022 au 31/10/2022
Ceyzérieu (01350),Crise,zone : Rivières du Haut-Rhône (eaux superficielles)<br>arrêté valable du 11/08/2022 au 31/10/2022
Chalamont (01320),Crise,zone : Rivières de Dombes (eaux superficielles)<br>arrêté valable du 11/08/2022 au 31/10/2022
Chalamont (01320),Vigilance,zone : Dombes – Certines – Nord (eaux souterraines)<br>arrêté valable du 11/08/2022 au 31/10/2022
Chaleins (01480),Crise,zone : Rivières de Dombes (eaux superficielles)<br>arrêté valable du 11/08/2022 au 31/10/2022
Chaleins (01480),Alerte renforcée,zone : Dombes – Sud (eaux souterraines)<br>arrêté valable du 11/08/2022 au 31/10/2022
Chaley (01230),Crise,zone : Rivières du Bugey (eaux superficielles)<br>arrêté valable du 11/08/2022 au 31/10/2022
Challes-la-Montagne (01450),Crise,zone : Rivières du Bugey (eaux superficielles)<br>arrêté valable du 11/08/2022 au 31/10/2022
Challex (01630),Crise,zone : Rivières du Haut-Rhône (eaux superficielles)<br>arrêté valable du 11/08/2022 au 31/10/2022
Challex (01630),Vigilance,zone : Pays de Gex (eaux souterraines)<br>arrêté valable du 11/08/2022 au 31/10/2022
Champagne-en-Valromey (01260),Crise,zone : Rivières du Haut-Rhône (eaux superficielles)<br>arrêté valable du 11/08/2022 au 31/10/2022
Champdor-Corcelles (01110),Crise,zone : Rivières du Bugey (eaux superficielles)<br>arrêté valable du 11/08/2022 au 31/10/2022
Champfromier (01410),Crise,zone : Rivières du Haut-Rhône (eaux superficielles)<br>arrêté valable du 11/08/2022 au 31/10/2022
Chanay (01420),Crise,zone : Rivières du Haut-Rhône (eaux superficielles)<br>arrêté valable du 11/08/2022 au 31/10/2022
Chaneins (01990),Crise,zone : Rivières de Dombes (eaux superficielles)<br>arrêté valable du 11/08/2022 au 31/10/2022
Chaneins (01990),Alerte renforcée,zone : Dombes – Sud (eaux souterraines)<br>arrêté valable du 11/08/2022 au 31/10/2022
Chanoz-Châtenay (01400),Crise,zone : Rivières de Dombes (eaux superficielles)<br>arrêté valable du 11/08/2022 au 31/10/2022
Chanoz-Châtenay (01400),Vigilance,zone : Dombes – Certines – Nord (eaux souterraines)<br>arrêté valable du 11/08/2022 au 31/10/2022
Charix (01130),Crise,zone : Rivières du Bugey (eaux superficielles)<br>arrêté valable du 11/08/2022 au 31/10/2022
Charix (01130),Crise,zone : Rivières du Haut-Rhône (eaux superficielles)<br>arrêté valable du 11/08/2022 au 31/10/2022
Charnoz-sur-Ain (01800),Crise,zone : Rivières de Dombes (eaux superficielles)<br>arrêté valable du 11/08/2022 au 31/10/2022
Charnoz-sur-Ain (01800),Alerte,zone : Plaine de l'Ain (eaux souterraines)<br>arrêté valable du 11/08/2022 au 31/10/2022
Chavannes-sur-Reyssouze (01190),Alerte renforcée,zone : Rivières de Bresse (eaux superficielles)<br>arrêté valable du 11/08/2022 au 31/10/2022
Chavannes-sur-Reyssouze (01190),Crise,zone : Saône Aval (eaux superficielles)<br>arrêté valable du 11/08/2022 au 31/10/2022
Chavannes-sur-Reyssouze (01190),Crise,zone : Saône Aval (eaux souterraines)<br>arrêté valable du 11/08/2022 au 31/10/2022
Chaveyriat (01660),Crise,zone : Rivières de Dombes (eaux superficielles)<br>arrêté valable du 11/08/2022 au 31/10/2022
Chaveyriat (01660),Vigilance,zone : Dombes – Certines – Nord (eaux souterraines)<br>arrêté valable du 11/08/2022 au 31/10/2022
"Chazey-Bons (01510, 01300)",Crise,zone : Rivières du Bugey (eaux superficielles)<br>arrêté valable du 11/08/2022 au 31/10/2022
Chazey-sur-Ain (01150),Crise,zone : Rivières de Dombes (eaux superficielles)<br>arrêté valable du 11/08/2022 au 31/10/2022
Chazey-sur-Ain (01150),Crise,zone : Rivières du Bugey (eaux superficielles)<br>arrêté valable du 11/08/2022 au 31/10/2022
Chazey-sur-Ain (01150),Alerte,zone : Plaine de l'Ain (eaux souterraines)<br>arrêté valable du 11/08/2022 au 31/10/2022
Cheignieu-la-Balme (01510),Crise,zone : Rivières du Bugey (eaux superficielles)<br>arrêté valable du 11/08/2022 au 31/10/2022
Chevillard (01430),Crise,zone : Rivières du Bugey (eaux superficielles)<br>arrêté valable du 11/08/2022 au 31/10/2022
Chevroux (01190),Alerte renforcée,zone : Rivières de Bresse (eaux superficielles)<br>arrêté valable du 11/08/2022 au 31/10/2022
Chevry (01170),Crise,zone : Rivières du Haut-Rhône (eaux superficielles)<br>arrêté valable du 11/08/2022 au 31/10/2022
Chevry (01170),Vigilance,zone : Pays de Gex (eaux souterraines)<br>arrêté valable du 11/08/2022 au 31/10/2022
Château-Gaillard (01500),Crise,zone : Rivières de Dombes (eaux superficielles)<br>arrêté valable du 11/08/2022 au 31/10/2022
Château-Gaillard (01500),Crise,zone : Rivières du Bugey (eaux superficielles)<br>arrêté valable du 11/08/2022 au 31/10/2022
Château-Gaillard (01500),Alerte,zone : Plaine de l'Ain (eaux souterraines)<br>arrêté valable du 11/08/2022 au 31/10/2022
Châtenay (01320),Crise,zone : Rivières de Dombes (eaux superficielles)<br>arrêté valable du 11/08/2022 au 31/10/2022
Châtenay (01320),Vigilance,zone : Dombes – Certines – Nord (eaux souterraines)<br>arrêté valable du 11/08/2022 au 31/10/2022
Châtillon-la-Palud (01320),Crise,zone : Rivières de Dombes (eaux superficielles)<br>arrêté valable du 11/08/2022 au 31/10/2022
Châtillon-la-Palud (01320),Alerte,zone : Plaine de l'Ain (eaux souterraines)<br>arrêté valable du 11/08/2022 au 31/10/2022
Châtillon-sur-Chalaronne (01400),Crise,zone : Rivières de Dombes (eaux superficielles)<br>arrêté valable du 11/08/2022 au 31/10/2022
Châtillon-sur-Chalaronne (01400),Vigilance,zone : Dombes – Certines – Nord (eaux souterraines)<br>arrêté valable du 11/08/2022 au 31/10/2022
"Chézery-Forens (01200, 01410)",Crise,zone : Rivières du Haut-Rhône (eaux superficielles)<br>arrêté valable du 11/08/2022 au 31/10/2022
Civrieux (01390),Crise,zone : Rivières de Dombes (eaux superficielles)<br>arrêté valable du 11/08/2022 au 31/10/2022
Civrieux (01390),Alerte renforcée,zone : Dombes – Sud (eaux souterraines)<br>arrêté valable du 11/08/2022 au 31/10/2022
Cize (01250),Crise,zone : Rivières du Bugey (eaux superficielles)<br>arrêté valable du 11/08/2022 au 31/10/2022
Cleyzieu (01230),Crise,zone : Rivières du Bugey (eaux superficielles)<br>arrêté valable du 11/08/2022 au 31/10/2022
Coligny (01270),Alerte renforcée,zone : Rivières de Bresse (eaux superficielles)<br>arrêté valable du 11/08/2022 au 31/10/2022
Collonges (01550),Crise,zone : Rivières du Haut-Rhône (eaux superficielles)<br>arrêté valable du 11/08/2022 au 31/10/2022
Collonges (01550),Vigilance,zone : Pays de Gex (eaux souterraines)<br>arrêté valable du 11/08/2022 au 31/10/2022
Colomieu (01300),Crise,zone : Rivières du Bugey (eaux superficielles)<br>arrêté valable du 11/08/2022 au 31/10/2022
Conand (01230),Crise,zone : Rivières du Bugey (eaux superficielles)<br>arrêté valable du 11/08/2022 au 31/10/2022
Condamine (01430),Crise,zone : Rivières du Bugey (eaux superficielles)<br>arrêté valable du 11/08/2022 au 31/10/2022
Condeissiat (01400),Crise,zone : Rivières de Dombes (eaux superficielles)<br>arrêté valable du 11/08/2022 au 31/10/2022
Condeissiat (01400),Vigilance,zone : Dombes – Certines – Nord (eaux souterraines)<br>arrêté valable du 11/08/2022 au 31/10/2022
Confort (01200),Crise,zone : Rivières du Haut-Rhône (eaux superficielles)<br>arrêté valable du 11/08/2022 au 31/10/2022
Confrançon (01310),Crise,zone : Rivières de Dombes (eaux superficielles)<br>arrêté valable du 11/08/2022 au 31/10/2022
Confrançon (01310),Vigilance,zone : Dombes – Certines – Nord (eaux souterraines)<br>arrêté valable du 11/08/2022 au 31/10/2022
Contrevoz (01300),Crise,zone : Rivières du Bugey (eaux superficielles)<br>arrêté valable du 11/08/2022 au 31/10/2022
Conzieu (01300),Crise,zone : Rivières du Bugey (eaux superficielles)<br>arrêté valable du 11/08/2022 au 31/10/2022
Corbonod (01420),Crise,zone : Rivières du Haut-Rhône (eaux superficielles)<br>arrêté valable du 11/08/2022 au 31/10/2022
Corlier (01110),Crise,zone : Rivières du Bugey (eaux superficielles)<br>arrêté valable du 11/08/2022 au 31/10/2022
Cormoranche-sur-Saône (01290),Crise,zone : Saône Aval (eaux superficielles)<br>arrêté valable du 11/08/2022 au 31/10/2022
Cormoranche-sur-Saône (01290),Crise,zone : Saône Aval (eaux souterraines)<br>arrêté valable du 11/08/2022 au 31/10/2022
Cormoz (01560),Alerte renforcée,zone : Rivières de Bresse (eaux superficielles)<br>arrêté valable du 11/08/2022 au 31/10/2022
Corveissiat (01250),Crise,zone : Rivières du Bugey (eaux superficielles)<br>arrêté valable du 11/08/2022 au 31/10/2022
Courmangoux (01370),Alerte renforcée,zone : Rivières de Bresse (eaux superficielles)<br>arrêté valable du 11/08/2022 au 31/10/2022
Courtes (01560),Alerte renforcée,zone : Rivières de Bresse (eaux superficielles)<br>arrêté valable du 11/08/2022 au 31/10/2022
Crans (01320),Crise,zone : Rivières de Dombes (eaux superficielles)<br>arrêté valable du 11/08/2022 au 31/10/2022
Crans (01320),Vigilance,zone : Dombes – Certines – Nord (eaux souterraines)<br>arrêté valable du 11/08/2022 au 31/10/2022
Cressin-Rochefort (01350),Crise,zone : Rivières du Haut-Rhône (eaux superficielles)<br>arrêté valable du 11/08/2022 au 31/10/2022
"Crottet (01290, 01750)",Alerte renforcée,zone : Rivières de Bresse (eaux superficielles)<br>arrêté valable du 11/08/2022 au 31/10/2022
"Crottet (01290, 01750)",Crise,zone : Rivières de Dombes (eaux superficielles)<br>arrêté valable du 11/08/2022 au 31/10/2022
"Crottet (01290, 01750)",Crise,zone : Saône Aval (eaux superficielles)<br>arrêté valable du 11/08/2022 au 31/10/2022
"Crottet (01290, 01750)",Vigilance,zone : Dombes – Certines – Nord (eaux souterraines)<br>arrêté valable du 11/08/2022 au 31/10/2022
"Crottet (01290, 01750)",Crise,zone : Saône Aval (eaux souterraines)<br>arrêté valable du 11/08/2022 au 31/10/2022
Crozet (01170),Crise,zone : Rivières du Haut-Rhône (eaux superficielles)<br>arrêté valable du 11/08/2022 au 31/10/2022
Crozet (01170),Vigilance,zone : Pays de Gex (eaux souterraines)<br>arrêté valable du 11/08/2022 au 31/10/2022
Cruzilles-lès-Mépillat (01290),Crise,zone : Rivières de Dombes (eaux superficielles)<br>arrêté valable du 11/08/2022 au 31/10/2022
Cruzilles-lès-Mépillat (01290),Vigilance,zone : Dombes – Certines – Nord (eaux souterraines)<br>arrêté valable du 11/08/2022 au 31/10/2022
Culoz (01350),Crise,zone : Rivières du Haut-Rhône (eaux superficielles)<br>arrêté valable du 11/08/2022 au 31/10/2022
Curciat-Dongalon (01560),Alerte renforcée,zone : Rivières de Bresse (eaux superficielles)<br>arrêté valable du 11/08/2022 au 31/10/2022
Curtafond (01310),Crise,zone : Rivières de Dombes (eaux superficielles)<br>arrêté valable du 11/08/2022 au 31/10/2022
Curtafond (01310),Vigilance,zone : Dombes – Certines – Nord (eaux souterraines)<br>arrêté valable du 11/08/2022 au 31/10/2022
Cuzieu (01300),Crise,zone : Rivières du Bugey (eaux superficielles)<br>arrêté valable du 11/08/2022 au 31/10/2022
Cuzieu (01300),Crise,zone : Rivières du Haut-Rhône (eaux superficielles)<br>arrêté valable du 11/08/2022 au 31/10/2022
Dagneux (01120),Crise,zone : Rivières de Dombes (eaux superficielles)<br>arrêté valable du 11/08/2022 au 31/10/2022
Dagneux (01120),Alerte renforcée,zone : Dombes – Sud (eaux souterraines)<br>arrêté valable du 11/08/2022 au 31/10/2022
Dagneux (01120),Alerte,zone : Plaine de l'Ain (eaux souterraines)<br>arrêté valable du 11/08/2022 au 31/10/2022
Divonne-les-Bains (01220),Crise,zone : Rivières du Haut-Rhône (eaux superficielles)<br>arrêté valable du 11/08/2022 au 31/10/2022
Divonne-les-Bains (01220),Vigilance,zone : Pays de Gex (eaux souterraines)<br>arrêté valable du 11/08/2022 au 31/10/2022
Dompierre-sur-Chalaronne (01400),Crise,zone : Rivières de Dombes (eaux superficielles)<br>arrêté valable du 11/08/2022 au 31/10/2022
Dompierre-sur-Chalaronne (01400),Vigilance,zone : Dombes – Certines – Nord (eaux souterraines)<br>arrêté valable du 11/08/2022 au 31/10/2022
Dompierre-sur-Veyle (01240),Crise,zone : Rivières de Dombes (eaux superficielles)<br>arrêté valable du 11/08/2022 au 31/10/2022
Dompierre-sur-Veyle (01240),Vigilance,zone : Dombes – Certines – Nord (eaux souterraines)<br>arrêté valable du 11/08/2022 au 31/10/2022
Domsure (01270),Alerte renforcée,zone : Rivières de Bresse (eaux superficielles)<br>arrêté valable du 11/08/2022 au 31/10/2022
Dortan (01590),Crise,zone : Rivières du Bugey (eaux superficielles)<br>arrêté valable du 11/08/2022 au 31/10/2022
Douvres (01500),Crise,zone : Rivières du Bugey (eaux superficielles)<br>arrêté valable du 11/08/2022 au 31/10/2022
Douvres (01500),Alerte,zone : Plaine de l'Ain (eaux souterraines)<br>arrêté valable du 11/08/2022 au 31/10/2022
Drom (01250),Alerte renforcée,zone : Rivières de Bresse (eaux superficielles)<br>arrêté valable du 11/08/2022 au 31/10/2022
Drom (01250),Crise,zone : Rivières du Bugey (eaux superficielles)<br>arrêté valable du 11/08/2022 au 31/10/2022
Druillat (01160),Alerte renforcée,zone : Rivières de Bresse (eaux superficielles)<br>arrêté valable du 11/08/2022 au 31/10/2022
Druillat (01160),Vigilance,zone : Dombes – Certines – Nord (eaux souterraines)<br>arrêté valable du 11/08/2022 au 31/10/2022
Druillat (01160),Alerte,zone : Plaine de l'Ain (eaux souterraines)<br>arrêté valable du 11/08/2022 au 31/10/2022
Faramans (01800),Crise,zone : Rivières de Dombes (eaux superficielles)<br>arrêté valable du 11/08/2022 au 31/10/2022
Faramans (01800),Alerte renforcée,zone : Dombes – Sud (eaux souterraines)<br>arrêté valable du 11/08/2022 au 31/10/2022
Faramans (01800),Alerte,zone : Plaine de l'Ain (eaux souterraines)<br>arrêté valable du 11/08/2022 au 31/10/2022
Fareins (01480),Crise,zone : Rivières de Dombes (eaux superficielles)<br>arrêté valable du 11/08/2022 au 31/10/2022
Fareins (01480),Crise,zone : Saône Aval (eaux superficielles)<br>arrêté valable du 11/08/2022 au 31/10/2022
Fareins (01480),Alerte renforcée,zone : Dombes – Sud (eaux souterraines)<br>arrêté valable du 11/08/2022 au 31/10/2022
Fareins (01480),Crise,zone : Saône Aval (eaux souterraines)<br>arrêté valable du 11/08/2022 au 31/10/2022
Farges (01550),Crise,zone : Rivières du Haut-Rhône (eaux superficielles)<br>arrêté valable du 11/08/2022 au 31/10/2022
Farges (01550),Vigilance,zone : Pays de Gex (eaux souterraines)<br>arrêté valable du 11/08/2022 au 31/10/2022
Feillens (01570),Crise,zone : Saône Aval (eaux superficielles)<br>arrêté valable du 11/08/2022 au 31/10/2022
Feillens (01570),Crise,zone : Saône Aval (eaux souterraines)<br>arrêté valable du 11/08/2022 au 31/10/2022
Ferney-Voltaire (01210),Crise,zone : Rivières du Haut-Rhône (eaux superficielles)<br>arrêté valable du 11/08/2022 au 31/10/2022
Ferney-Voltaire (01210),Vigilance,zone : Pays de Gex (eaux souterraines)<br>arrêté valable du 11/08/2022 au 31/10/2022
Flaxieu (01350),Crise,zone : Rivières du Haut-Rhône (eaux superficielles)<br>arrêté valable du 11/08/2022 au 31/10/2022
Foissiat (01340),Alerte renforcée,zone : Rivières de Bresse (eaux superficielles)<br>arrêté valable du 11/08/2022 au 31/10/2022
Francheleins (01090),Crise,zone : Rivières de Dombes (eaux superficielles)<br>arrêté valable du 11/08/2022 au 31/10/2022
Francheleins (01090),Alerte renforcée,zone : Dombes – Sud (eaux souterraines)<br>arrêté valable du 11/08/2022 au 31/10/2022
Frans (01480),Crise,zone : Rivières de Dombes (eaux superficielles)<br>arrêté valable du 11/08/2022 au 31/10/2022
Frans (01480),Alerte renforcée,zone : Dombes – Sud (eaux souterraines)<br>arrêté valable du 11/08/2022 au 31/10/2022
Garnerans (01140),Crise,zone : Saône Aval (eaux superficielles)<br>arrêté valable du 11/08/2022 au 31/10/2022
Garnerans (01140),Crise,zone : Saône Aval (eaux souterraines)<br>arrêté valable du 11/08/2022 au 31/10/2022
Genouilleux (01090),Crise,zone : Saône Aval (eaux superficielles)<br>arrêté valable du 11/08/2022 au 31/10/2022
Genouilleux (01090),Crise,zone : Saône Aval (eaux souterraines)<br>arrêté valable du 11/08/2022 au 31/10/2022
Gex (01170),Crise,zone : Rivières du Haut-Rhône (eaux superficielles)<br>arrêté valable du 11/08/2022 au 31/10/2022
Gex (01170),Vigilance,zone : Pays de Gex (eaux souterraines)<br>arrêté valable du 11/08/2022 au 31/10/2022
Giron (01130),Crise,zone : Rivières du Haut-Rhône (eaux superficielles)<br>arrêté valable du 11/08/2022 au 31/10/2022
Gorrevod (01190),Alerte renforcée,zone : Rivières de Bresse (eaux superficielles)<br>arrêté valable du 11/08/2022 au 31/10/2022
Gorrevod (01190),Crise,zone : Saône Aval (eaux superficielles)<br>arrêté valable du 11/08/2022 au 31/10/2022
Gorrevod (01190),Crise,zone : Saône Aval (eaux souterraines)<br>arrêté valable du 11/08/2022 au 31/10/2022
Grand-Corent (01250),Crise,zone : Rivières du Bugey (eaux superficielles)<br>arrêté valable du 11/08/2022 au 31/10/2022
Grilly (01220),Crise,zone : Rivières du Haut-Rhône (eaux superficielles)<br>arrêté valable du 11/08/2022 au 31/10/2022
Grilly (01220),Vigilance,zone : Pays de Gex (eaux souterraines)<br>arrêté valable du 11/08/2022 au 31/10/2022
Grièges (01290),Crise,zone : Saône Aval (eaux superficielles)<br>arrêté valable du 11/08/2022 au 31/10/2022
Grièges (01290),Crise,zone : Saône Aval (eaux souterraines)<br>arrêté valable du 11/08/2022 au 31/10/2022
Groissiat (01100),Crise,zone : Rivières du Bugey (eaux superficielles)<br>arrêté valable du 11/08/2022 au 31/10/2022
Groslée-Saint-Benoit (01300),Crise,zone : Rivières du Bugey (eaux superficielles)<br>arrêté valable du 11/08/2022 au 31/10/2022
Guéreins (01090),Crise,zone : Saône Aval (eaux superficielles)<br>arrêté valable du 11/08/2022 au 31/10/2022
Guéreins (01090),Crise,zone : Saône Aval (eaux souterraines)<br>arrêté valable du 11/08/2022 au 31/10/2022
Géovreisset (01100),Crise,zone : Rivières du Bugey (eaux superficielles)<br>arrêté valable du 11/08/2022 au 31/10/2022
Haut Valromey (01260),Crise,zone : Rivières du Haut-Rhône (eaux superficielles)<br>arrêté valable du 11/08/2022 au 31/10/2022
Hautecourt-Romanèche (01250),Crise,zone : Rivières du Bugey (eaux superficielles)<br>arrêté valable du 11/08/2022 au 31/10/2022
Illiat (01140),Crise,zone : Rivières de Dombes (eaux superficielles)<br>arrêté valable du 11/08/2022 au 31/10/2022
Illiat (01140),Vigilance,zone : Dombes – Certines – Nord (eaux souterraines)<br>arrêté valable du 11/08/2022 au 31/10/2022
Injoux-Génissiat (01200),Crise,zone : Rivières du Haut-Rhône (eaux superficielles)<br>arrêté valable du 11/08/2022 au 31/10/2022
Innimond (01680),Crise,zone : Rivières du Bugey (eaux superficielles)<br>arrêté valable du 11/08/2022 au 31/10/2022
Izenave (01430),Crise,zone : Rivières du Bugey (eaux superficielles)<br>arrêté valable du 11/08/2022 au 31/10/2022
Izernore (01580),Crise,zone : Rivières du Bugey (eaux superficielles)<br>arrêté valable du 11/08/2022 au 31/10/2022
Izieu (01300),Crise,zone : Rivières du Bugey (eaux superficielles)<br>arrêté valable du 11/08/2022 au 31/10/2022
Jassans-Riottier (01480),Crise,zone : Rivières de Dombes (eaux superficielles)<br>arrêté valable du 11/08/2022 au 31/10/2022
Jassans-Riottier (01480),Crise,zone : Saône Aval (eaux superficielles)<br>arrêté valable du 11/08/2022 au 31/10/2022
Jassans-Riottier (01480),Alerte renforcée,zone : Dombes – Sud (eaux souterraines)<br>arrêté valable du 11/08/2022 au 31/10/2022
Jassans-Riottier (01480),Crise,zone : Saône Aval (eaux souterraines)<br>arrêté valable du 11/08/2022 au 31/10/2022
Jasseron (01250),Alerte renforcée,zone : Rivières de Bresse (eaux superficielles)<br>arrêté valable du 11/08/2022 au 31/10/2022
Jayat (01340),Alerte renforcée,zone : Rivières de Bresse (eaux superficielles)<br>arrêté valable du 11/08/2022 au 31/10/2022
Journans (01250),Alerte renforcée,zone : Rivières de Bresse (eaux superficielles)<br>arrêté valable du 11/08/2022 au 31/10/2022
Journans (01250),Vigilance,zone : Dombes – Certines – Nord (eaux souterraines)<br>arrêté valable du 11/08/2022 au 31/10/2022
Joyeux (01800),Crise,zone : Rivières de Dombes (eaux superficielles)<br>arrêté valable du 11/08/2022 au 31/10/2022
Joyeux (01800),Alerte renforcée,zone : Dombes – Sud (eaux souterraines)<br>arrêté valable du 11/08/2022 au 31/10/2022
Jujurieux (01640),Crise,zone : Rivières du Bugey (eaux superficielles)<br>arrêté valable du 11/08/2022 au 31/10/2022
Jujurieux (01640),Alerte,zone : Plaine de l'Ain (eaux souterraines)<br>arrêté valable du 11/08/2022 au 31/10/2022
L'Abergement-Clémenciat (01400),Crise,zone : Rivières de Dombes (eaux superficielles)<br>arrêté valable du 11/08/2022 au 31/10/2022
L'Abergement-Clémenciat (01400),Vigilance,zone : Dombes – Certines – Nord (eaux souterraines)<br>arrêté valable du 11/08/2022 au 31/10/2022
L'Abergement-de-Varey (01640),Crise,zone : Rivières du Bugey (eaux superficielles)<br>arrêté valable du 11/08/2022 au 31/10/2022
L'Abergement-de-Varey (01640),Alerte,zone : Plaine de l'Ain (eaux souterraines)<br>arrêté valable du 11/08/2022 au 31/10/2022
La Boisse (01120),Crise,zone : Rivières de Dombes (eaux superficielles)<br>arrêté valable du 11/08/2022 au 31/10/2022
La Boisse (01120),Alerte renforcée,zone : Dombes – Sud (eaux souterraines)<br>arrêté valable du 11/08/2022 au 31/10/2022
La Burbanche (01510),Crise,zone : Rivières du Bugey (eaux superficielles)<br>arrêté valable du 11/08/2022 au 31/10/2022
La Chapelle-du-Châtelard (01240),Crise,zone : Rivières de Dombes (eaux superficielles)<br>arrêté valable du 11/08/2022 au 31/10/2022
La Chapelle-du-Châtelard (01240),Vigilance,zone : Dombes – Certines – Nord (eaux souterraines)<br>arrêté valable du 11/08/2022 au 31/10/2022
La Tranclière (01160),Alerte renforcée,zone : Rivières de Bresse (eaux superficielles)<br>arrêté valable du 11/08/2022 au 31/10/2022
La Tranclière (01160),Crise,zone : Rivières de Dombes (eaux superficielles)<br>arrêté valable du 11/08/2022 au 31/10/2022
La Tranclière (01160),Vigilance,zone : Dombes – Certines – Nord (eaux souterraines)<br>arrêté valable du 11/08/2022 au 31/10/2022
Labalme (01450),Crise,zone : Rivières du Bugey (eaux superficielles)<br>arrêté valable du 11/08/2022 au 31/10/2022
Lagnieu (01150),Crise,zone : Rivières du Bugey (eaux superficielles)<br>arrêté valable du 11/08/2022 au 31/10/2022
Lagnieu (01150),Alerte,zone : Plaine de l'Ain (eaux souterraines)<br>arrêté valable du 11/08/2022 au 31/10/2022
Laiz (01290),Crise,zone : Rivières de Dombes (eaux superficielles)<br>arrêté valable du 11/08/2022 au 31/10/2022
Laiz (01290),Vigilance,zone : Dombes – Certines – Nord (eaux souterraines)<br>arrêté valable du 11/08/2022 au 31/10/2022
Lantenay (01430),Crise,zone : Rivières du Bugey (eaux superficielles)<br>arrêté valable du 11/08/2022 au 31/10/2022
Lapeyrouse (01330),Crise,zone : Rivières de Dombes (eaux superficielles)<br>arrêté valable du 11/08/2022 au 31/10/2022
Lapeyrouse (01330),Vigilance,zone : Dombes – Certines – Nord (eaux souterraines)<br>arrêté valable du 11/08/2022 au 31/10/2022
Lapeyrouse (01330),Alerte renforcée,zone : Dombes – Sud (eaux souterraines)<br>arrêté valable du 11/08/2022 au 31/10/2022
Lavours (01350),Crise,zone : Rivières du Haut-Rhône (eaux superficielles)<br>arrêté valable du 11/08/2022 au 31/10/2022
Le Montellier (01800),Crise,zone : Rivières de Dombes (eaux superficielles)<br>arrêté valable du 11/08/2022 au 31/10/2022
Le Montellier (01800),Alerte renforcée,zone : Dombes – Sud (eaux souterraines)<br>arrêté valable du 11/08/2022 au 31/10/2022
Le Plantay (01330),Crise,zone : Rivières de Dombes (eaux superficielles)<br>arrêté valable du 11/08/2022 au 31/10/2022
Le Plantay (01330),Vigilance,zone : Dombes – Certines – Nord (eaux souterraines)<br>arrêté valable du 11/08/2022 au 31/10/2022
Le Poizat-Lalleyriat (01130),Crise,zone : Rivières du Haut-Rhône (eaux superficielles)<br>arrêté valable du 11/08/2022 au 31/10/2022
Lent (01240),Crise,zone : Rivières de Dombes (eaux superficielles)<br>arrêté valable du 11/08/2022 au 31/10/2022
Lent (01240),Vigilance,zone : Dombes – Certines – Nord (eaux souterraines)<br>arrêté valable du 11/08/2022 au 31/10/2022
Les Neyrolles (01130),Crise,zone : Rivières du Bugey (eaux superficielles)<br>arrêté valable du 11/08/2022 au 31/10/2022
Lescheroux (01560),Alerte renforcée,zone : Rivières de Bresse (eaux superficielles)<br>arrêté valable du 11/08/2022 au 31/10/2022
Leyment (01150),Crise,zone : Rivières du Bugey (eaux superficielles)<br>arrêté valable du 11/08/2022 au 31/10/2022
Leyment (01150),Alerte,zone : Plaine de l'Ain (eaux souterraines)<br>arrêté valable du 11/08/2022 au 31/10/2022
Leyssard (01450),Crise,zone : Rivières du Bugey (eaux superficielles)<br>arrêté valable du 11/08/2022 au 31/10/2022
Lhuis (01680),Crise,zone : Rivières du Bugey (eaux superficielles)<br>arrêté valable du 11/08/2022 au 31/10/2022
Lompnas (01680),Crise,zone : Rivières du Bugey (eaux superficielles)<br>arrêté valable du 11/08/2022 au 31/10/2022
Loyettes (01360),Crise,zone : Rivières du Bugey (eaux superficielles)<br>arrêté valable du 11/08/2022 au 31/10/2022
Loyettes (01360),Alerte,zone : Plaine de l'Ain (eaux souterraines)<br>arrêté valable du 11/08/2022 au 31/10/2022
Lurcy (01090),Crise,zone : Rivières de Dombes (eaux superficielles)<br>arrêté valable du 11/08/2022 au 31/10/2022
Lurcy (01090),Crise,zone : Saône Aval (eaux superficielles)<br>arrêté valable du 11/08/2022 au 31/10/2022
Lurcy (01090),Alerte renforcée,zone : Dombes – Sud (eaux souterraines)<br>arrêté valable du 11/08/2022 au 31/10/2022
Lurcy (01090),Crise,zone : Saône Aval (eaux souterraines)<br>arrêté valable du 11/08/2022 au 31/10/2022
Léaz (01200),Crise,zone : Rivières du Haut-Rhône (eaux superficielles)<br>arrêté valable du 11/08/2022 au 31/10/2022
Léaz (01200),Vigilance,zone : Pays de Gex (eaux souterraines)<br>arrêté valable du 11/08/2022 au 31/10/2022
Lélex (01410),Crise,zone : Rivières du Haut-Rhône (eaux superficielles)<br>arrêté valable du 11/08/2022 au 31/10/2022
Magnieu (01300),Crise,zone : Rivières du Haut-Rhône (eaux superficielles)<br>arrêté valable du 11/08/2022 au 31/10/2022
Maillat (01430),Crise,zone : Rivières du Bugey (eaux superficielles)<br>arrêté valable du 11/08/2022 au 31/10/2022
Malafretaz (01340),Alerte renforcée,zone : Rivières de Bresse (eaux superficielles)<br>arrêté valable du 11/08/2022 au 31/10/2022
Mantenay-Montlin (01560),Alerte renforcée,zone : Rivières de Bresse (eaux superficielles)<br>arrêté valable du 11/08/2022 au 31/10/2022
Manziat (01570),Alerte renforcée,zone : Rivières de Bresse (eaux superficielles)<br>arrêté valable du 11/08/2022 au 31/10/2022
Manziat (01570),Crise,zone : Saône Aval (eaux superficielles)<br>arrêté valable du 11/08/2022 au 31/10/2022
Manziat (01570),Crise,zone : Saône Aval (eaux souterraines)<br>arrêté valable du 11/08/2022 au 31/10/2022
Marboz (01851),Alerte renforcée,zone : Rivières de Bresse (eaux superficielles)<br>arrêté valable du 11/08/2022 au 31/10/2022
Marchamp (01680),Crise,zone : Rivières du Bugey (eaux superficielles)<br>arrêté valable du 11/08/2022 au 31/10/2022
Marignieu (01300),Crise,zone : Rivières du Haut-Rhône (eaux superficielles)<br>arrêté valable du 11/08/2022 au 31/10/2022
Marlieux (01240),Crise,zone : Rivières de Dombes (eaux superficielles)<br>arrêté valable du 11/08/2022 au 31/10/2022
Marlieux (01240),Vigilance,zone : Dombes – Certines – Nord (eaux souterraines)<br>arrêté valable du 11/08/2022 au 31/10/2022
Marsonnas (01340),Alerte renforcée,zone : Rivières de Bresse (eaux superficielles)<br>arrêté valable du 11/08/2022 au 31/10/2022
Martignat (01100),Crise,zone : Rivières du Bugey (eaux superficielles)<br>arrêté valable du 11/08/2022 au 31/10/2022
Massieux (01600),Crise,zone : Saône Aval (eaux superficielles)<br>arrêté valable du 11/08/2022 au 31/10/2022
Massieux (01600),Crise,zone : Saône Aval (eaux souterraines)<br>arrêté valable du 11/08/2022 au 31/10/2022
Massignieu-de-Rives (01300),Crise,zone : Rivières du Haut-Rhône (eaux superficielles)<br>arrêté valable du 11/08/2022 au 31/10/2022
Matafelon-Granges (01580),Crise,zone : Rivières du Bugey (eaux superficielles)<br>arrêté valable du 11/08/2022 au 31/10/2022
Meillonnas (01370),Alerte renforcée,zone : Rivières de Bresse (eaux superficielles)<br>arrêté valable du 11/08/2022 au 31/10/2022
Messimy-sur-Saône (01480),Crise,zone : Saône Aval (eaux superficielles)<br>arrêté valable du 11/08/2022 au 31/10/2022
Messimy-sur-Saône (01480),Crise,zone : Saône Aval (eaux souterraines)<br>arrêté valable du 11/08/2022 au 31/10/2022
Meximieux (01800),Crise,zone : Rivières de Dombes (eaux superficielles)<br>arrêté valable du 11/08/2022 au 31/10/2022
Meximieux (01800),Alerte,zone : Plaine de l'Ain (eaux souterraines)<br>arrêté valable du 11/08/2022 au 31/10/2022
"Mijoux (01170, 01410)",Crise,zone : Rivières du Haut-Rhône (eaux superficielles)<br>arrêté valable du 11/08/2022 au 31/10/2022
"Mijoux (01170, 01410)",Vigilance,zone : Pays de Gex (eaux souterraines)<br>arrêté valable du 11/08/2022 au 31/10/2022
Mionnay (01390),Crise,zone : Rivières de Dombes (eaux superficielles)<br>arrêté valable du 11/08/2022 au 31/10/2022
Mionnay (01390),Alerte renforcée,zone : Dombes – Sud (eaux souterraines)<br>arrêté valable du 11/08/2022 au 31/10/2022
Miribel (01700),Crise,zone : Rivières de Dombes (eaux superficielles)<br>arrêté valable du 11/08/2022 au 31/10/2022
Miribel (01700),Alerte renforcée,zone : Dombes – Sud (eaux souterraines)<br>arrêté valable du 11/08/2022 au 31/10/2022
Misérieux (01600),Crise,zone : Rivières de Dombes (eaux superficielles)<br>arrêté valable du 11/08/2022 au 31/10/2022
Misérieux (01600),Alerte renforcée,zone : Dombes – Sud (eaux souterraines)<br>arrêté valable du 11/08/2022 au 31/10/2022
Mogneneins (01140),Crise,zone : Saône Aval (eaux superficielles)<br>arrêté valable du 11/08/2022 au 31/10/2022
Mogneneins (01140),Crise,zone : Saône Aval (eaux souterraines)<br>arrêté valable du 11/08/2022 au 31/10/2022
Montagnat (01250),Alerte renforcée,zone : Rivières de Bresse (eaux superficielles)<br>arrêté valable du 11/08/2022 au 31/10/2022
Montagnat (01250),Vigilance,zone : Dombes – Certines – Nord (eaux souterraines)<br>arrêté valable du 11/08/2022 au 31/10/2022
Montagnieu (01470),Crise,zone : Rivières du Bugey (eaux superficielles)<br>arrêté valable du 11/08/2022 au 31/10/2022
Montanges (01200),Crise,zone : Rivières du Haut-Rhône (eaux superficielles)<br>arrêté valable du 11/08/2022 au 31/10/2022
Montceaux (01090),Crise,zone : Rivières de Dombes (eaux superficielles)<br>arrêté valable du 11/08/2022 au 31/10/2022
Montceaux (01090),Crise,zone : Saône Aval (eaux superficielles)<br>arrêté valable du 11/08/2022 au 31/10/2022
Montceaux (01090),Alerte renforcée,zone : Dombes – Sud (eaux souterraines)<br>arrêté valable du 11/08/2022 au 31/10/2022
Montceaux (01090),Crise,zone : Saône Aval (eaux souterraines)<br>arrêté valable du 11/08/2022 au 31/10/2022
Montcet (01310),Crise,zone : Rivières de Dombes (eaux superficielles)<br>arrêté valable du 11/08/2022 au 31/10/2022
Montcet (01310),Vigilance,zone : Dombes – Certines – Nord (eaux souterraines)<br>arrêté valable du 11/08/2022 au 31/10/2022
Monthieux (01390),Crise,zone : Rivières de Dombes (eaux superficielles)<br>arrêté valable du 11/08/2022 au 31/10/2022
Monthieux (01390),Alerte renforcée,zone : Dombes – Sud (eaux souterraines)<br>arrêté valable du 11/08/2022 au 31/10/2022
Montluel (01120),Crise,zone : Rivières de Dombes (eaux superficielles)<br>arrêté valable du 11/08/2022 au 31/10/2022
Montluel (01120),Alerte renforcée,zone : Dombes – Sud (eaux souterraines)<br>arrêté valable du 11/08/2022 au 31/10/2022
Montmerle-sur-Saône (01090),Crise,zone : Saône Aval (eaux superficielles)<br>arrêté valable du 11/08/2022 au 31/10/2022
Montmerle-sur-Saône (01090),Crise,zone : Saône Aval (eaux souterraines)<br>arrêté valable du 11/08/2022 au 31/10/2022
Montracol (01310),Crise,zone : Rivières de Dombes (eaux superficielles)<br>arrêté valable du 11/08/2022 au 31/10/2022
Montracol (01310),Vigilance,zone : Dombes – Certines – Nord (eaux souterraines)<br>arrêté valable du 11/08/2022 au 31/10/2022
Montrevel-en-Bresse (01340),Alerte renforcée,zone : Rivières de Bresse (eaux superficielles)<br>arrêté valable du 11/08/2022 au 31/10/2022
Montréal-la-Cluse (01460),Crise,zone : Rivières du Bugey (eaux superficielles)<br>arrêté valable du 11/08/2022 au 31/10/2022
Murs-et-Gélignieux (01300),Crise,zone : Rivières du Bugey (eaux superficielles)<br>arrêté valable du 11/08/2022 au 31/10/2022
Mérignat (01450),Crise,zone : Rivières du Bugey (eaux superficielles)<br>arrêté valable du 11/08/2022 au 31/10/2022
Mérignat (01450),Alerte,zone : Plaine de l'Ain (eaux souterraines)<br>arrêté valable du 11/08/2022 au 31/10/2022
Mézériat (01660),Crise,zone : Rivières de Dombes (eaux superficielles)<br>arrêté valable du 11/08/2022 au 31/10/2022
Mézériat (01660),Vigilance,zone : Dombes – Certines – Nord (eaux souterraines)<br>arrêté valable du 11/08/2022 au 31/10/2022
"Nantua (01130, 01460)",Crise,zone : Rivières du Bugey (eaux superficielles)<br>arrêté valable du 11/08/2022 au 31/10/2022
Neuville-les-Dames (01400),Crise,zone : Rivières de Dombes (eaux superficielles)<br>arrêté valable du 11/08/2022 au 31/10/2022
Neuville-les-Dames (01400),Vigilance,zone : Dombes – Certines – Nord (eaux souterraines)<br>arrêté valable du 11/08/2022 au 31/10/2022
Neuville-sur-Ain (01160),Crise,zone : Rivières du Bugey (eaux superficielles)<br>arrêté valable du 11/08/2022 au 31/10/2022
Neuville-sur-Ain (01160),Alerte,zone : Plaine de l'Ain (eaux souterraines)<br>arrêté valable du 11/08/2022 au 31/10/2022
Neyron (01700),Crise,zone : Rivières de Dombes (eaux superficielles)<br>arrêté valable du 11/08/2022 au 31/10/2022
Neyron (01700),Alerte renforcée,zone : Dombes – Sud (eaux souterraines)<br>arrêté valable du 11/08/2022 au 31/10/2022
Nivigne et Suran (01250),Crise,zone : Rivières du Bugey (eaux superficielles)<br>arrêté valable du 11/08/2022 au 31/10/2022
Nivollet-Montgriffon (01230),Crise,zone : Rivières du Bugey (eaux superficielles)<br>arrêté valable du 11/08/2022 au 31/10/2022
Niévroz (01120),Crise,zone : Rivières de Dombes (eaux superficielles)<br>arrêté valable du 11/08/2022 au 31/10/2022
Niévroz (01120),Alerte,zone : Plaine de l'Ain (eaux souterraines)<br>arrêté valable du 11/08/2022 au 31/10/2022
Nurieux-Volognat (01460),Crise,zone : Rivières du Bugey (eaux superficielles)<br>arrêté valable du 11/08/2022 au 31/10/2022
Oncieu (01230),Crise,zone : Rivières du Bugey (eaux superficielles)<br>arrêté valable du 11/08/2022 au 31/10/2022
Ordonnaz (01510),Crise,zone : Rivières du Bugey (eaux superficielles)<br>arrêté valable du 11/08/2022 au 31/10/2022
Ornex (01210),Crise,zone : Rivières du Haut-Rhône (eaux superficielles)<br>arrêté valable du 11/08/2022 au 31/10/2022
Ornex (01210),Vigilance,zone : Pays de Gex (eaux souterraines)<br>arrêté valable du 11/08/2022 au 31/10/2022
Outriaz (01430),Crise,zone : Rivières du Bugey (eaux superficielles)<br>arrêté valable du 11/08/2022 au 31/10/2022
Oyonnax (01100),Crise,zone : Rivières du Bugey (eaux superficielles)<br>arrêté valable du 11/08/2022 au 31/10/2022
Ozan (01190),Alerte renforcée,zone : Rivières de Bresse (eaux superficielles)<br>arrêté valable du 11/08/2022 au 31/10/2022
Ozan (01190),Crise,zone : Saône Aval (eaux superficielles)<br>arrêté valable du 11/08/2022 au 31/10/2022
Ozan (01190),Crise,zone : Saône Aval (eaux souterraines)<br>arrêté valable du 11/08/2022 au 31/10/2022
Parcieux (01600),Crise,zone : Saône Aval (eaux superficielles)<br>arrêté valable du 11/08/2022 au 31/10/2022
Parcieux (01600),Crise,zone : Saône Aval (eaux souterraines)<br>arrêté valable du 11/08/2022 au 31/10/2022
Parves et Nattages (01300),Crise,zone : Rivières du Haut-Rhône (eaux superficielles)<br>arrêté valable du 11/08/2022 au 31/10/2022
Perrex (01540),Crise,zone : Rivières de Dombes (eaux superficielles)<br>arrêté valable du 11/08/2022 au 31/10/2022
Perrex (01540),Vigilance,zone : Dombes – Certines – Nord (eaux souterraines)<br>arrêté valable du 11/08/2022 au 31/10/2022
Peyriat (01430),Crise,zone : Rivières du Bugey (eaux superficielles)<br>arrêté valable du 11/08/2022 au 31/10/2022
Peyrieu (01300),Crise,zone : Rivières du Bugey (eaux superficielles)<br>arrêté valable du 11/08/2022 au 31/10/2022
Peyzieux-sur-Saône (01140),Crise,zone : Rivières de Dombes (eaux superficielles)<br>arrêté valable du 11/08/2022 au 31/10/2022
Peyzieux-sur-Saône (01140),Crise,zone : Saône Aval (eaux superficielles)<br>arrêté valable du 11/08/2022 au 31/10/2022
Peyzieux-sur-Saône (01140),Vigilance,zone : Dombes – Certines – Nord (eaux souterraines)<br>arrêté valable du 11/08/2022 au 31/10/2022
Peyzieux-sur-Saône (01140),Crise,zone : Saône Aval (eaux souterraines)<br>arrêté valable du 11/08/2022 au 31/10/2022
Pirajoux (01270),Alerte renforcée,zone : Rivières de Bresse (eaux superficielles)<br>arrêté valable du 11/08/2022 au 31/10/2022
Pizay (01120),Crise,zone : Rivières de Dombes (eaux superficielles)<br>arrêté valable du 11/08/2022 au 31/10/2022
Pizay (01120),Alerte renforcée,zone : Dombes – Sud (eaux souterraines)<br>arrêté valable du 11/08/2022 au 31/10/2022
Plagne (01130),Crise,zone : Rivières du Haut-Rhône (eaux superficielles)<br>arrêté valable du 11/08/2022 au 31/10/2022
Plateau d'Hauteville (01110),Crise,zone : Rivières du Bugey (eaux superficielles)<br>arrêté valable du 11/08/2022 au 31/10/2022
Polliat (01310),Alerte renforcée,zone : Rivières de Bresse (eaux superficielles)<br>arrêté valable du 11/08/2022 au 31/10/2022
Polliat (01310),Crise,zone : Rivières de Dombes (eaux superficielles)<br>arrêté valable du 11/08/2022 au 31/10/2022
Polliat (01310),Vigilance,zone : Dombes – Certines – Nord (eaux souterraines)<br>arrêté valable du 11/08/2022 au 31/10/2022
Pollieu (01350),Crise,zone : Rivières du Haut-Rhône (eaux superficielles)<br>arrêté valable du 11/08/2022 au 31/10/2022
Poncin (01450),Crise,zone : Rivières du Bugey (eaux superficielles)<br>arrêté valable du 11/08/2022 au 31/10/2022
Pont-d'Ain (01160),Alerte renforcée,zone : Rivières de Bresse (eaux superficielles)<br>arrêté valable du 11/08/2022 au 31/10/2022
Pont-d'Ain (01160),Crise,zone : Rivières du Bugey (eaux superficielles)<br>arrêté valable du 11/08/2022 au 31/10/2022
Pont-d'Ain (01160),Vigilance,zone : Dombes – Certines – Nord (eaux souterraines)<br>arrêté valable du 11/08/2022 au 31/10/2022
Pont-d'Ain (01160),Alerte,zone : Plaine de l'Ain (eaux souterraines)<br>arrêté valable du 11/08/2022 au 31/10/2022
Pont-de-Vaux (01190),Crise,zone : Saône Aval (eaux superficielles)<br>arrêté valable du 11/08/2022 au 31/10/2022
Pont-de-Vaux (01190),Crise,zone : Saône Aval (eaux souterraines)<br>arrêté valable du 11/08/2022 au 31/10/2022
Pont-de-Veyle (01290),Crise,zone : Rivières de Dombes (eaux superficielles)<br>arrêté valable du 11/08/2022 au 31/10/2022
Pont-de-Veyle (01290),Crise,zone : Saône Aval (eaux superficielles)<br>arrêté valable du 11/08/2022 au 31/10/2022
Pont-de-Veyle (01290),Vigilance,zone : Dombes – Certines – Nord (eaux souterraines)<br>arrêté valable du 11/08/2022 au 31/10/2022
Pont-de-Veyle (01290),Crise,zone : Saône Aval (eaux souterraines)<br>arrêté valable du 11/08/2022 au 31/10/2022
Port (01460),Crise,zone : Rivières du Bugey (eaux superficielles)<br>arrêté valable du 11/08/2022 au 31/10/2022
Pougny (01550),Crise,zone : Rivières du Haut-Rhône (eaux superficielles)<br>arrêté valable du 11/08/2022 au 31/10/2022
Pougny (01550),Vigilance,zone : Pays de Gex (eaux souterraines)<br>arrêté valable du 11/08/2022 au 31/10/2022
Pouillat (01250),Crise,zone : Rivières du Bugey (eaux superficielles)<br>arrêté valable du 11/08/2022 au 31/10/2022
Priay (01160),Crise,zone : Rivières de Dombes (eaux superficielles)<br>arrêté valable du 11/08/2022 au 31/10/2022
Priay (01160),Alerte,zone : Plaine de l'Ain (eaux souterraines)<br>arrêté valable du 11/08/2022 au 31/10/2022
Prémeyzel (01300),Crise,zone : Rivières du Bugey (eaux superficielles)<br>arrêté valable du 11/08/2022 au 31/10/2022
Prémillieu (01110),Crise,zone : Rivières du Bugey (eaux superficielles)<br>arrêté valable du 11/08/2022 au 31/10/2022
Prévessin-Moëns (01280),Crise,zone : Rivières du Haut-Rhône (eaux superficielles)<br>arrêté valable du 11/08/2022 au 31/10/2022
Prévessin-Moëns (01280),Vigilance,zone : Pays de Gex (eaux souterraines)<br>arrêté valable du 11/08/2022 au 31/10/2022
Péron (01630),Crise,zone : Rivières du Haut-Rhône (eaux superficielles)<br>arrêté valable du 11/08/2022 au 31/10/2022
Péron (01630),Vigilance,zone : Pays de Gex (eaux souterraines)<br>arrêté valable du 11/08/2022 au 31/10/2022
Péronnas (01960),Alerte renforcée,zone : Rivières de Bresse (eaux superficielles)<br>arrêté valable du 11/08/2022 au 31/10/2022
Péronnas (01960),Crise,zone : Rivières de Dombes (eaux superficielles)<br>arrêté valable du 11/08/2022 au 31/10/2022
Péronnas (01960),Vigilance,zone : Dombes – Certines – Nord (eaux souterraines)<br>arrêté valable du 11/08/2022 au 31/10/2022
Pérouges (01800),Crise,zone : Rivières de Dombes (eaux superficielles)<br>arrêté valable du 11/08/2022 au 31/10/2022
Pérouges (01800),Alerte,zone : Plaine de l'Ain (eaux souterraines)<br>arrêté valable du 11/08/2022 au 31/10/2022
Ramasse (01250),Alerte renforcée,zone : Rivières de Bresse (eaux superficielles)<br>arrêté valable du 11/08/2022 au 31/10/2022
Ramasse (01250),Crise,zone : Rivières du Bugey (eaux superficielles)<br>arrêté valable du 11/08/2022 au 31/10/2022
Rancé (01390),Crise,zone : Rivières de Dombes (eaux superficielles)<br>arrêté valable du 11/08/2022 au 31/10/2022
Rancé (01390),Alerte renforcée,zone : Dombes – Sud (eaux souterraines)<br>arrêté valable du 11/08/2022 au 31/10/2022
Relevant (01990),Crise,zone : Rivières de Dombes (eaux superficielles)<br>arrêté valable du 11/08/2022 au 31/10/2022
Relevant (01990),Vigilance,zone : Dombes – Certines – Nord (eaux souterraines)<br>arrêté valable du 11/08/2022 au 31/10/2022
Replonges (01750),Crise,zone : Saône Aval (eaux superficielles)<br>arrêté valable du 11/08/2022 au 31/10/2022
Replonges (01750),Crise,zone : Saône Aval (eaux souterraines)<br>arrêté valable du 11/08/2022 au 31/10/2022
Revonnas (01250),Alerte renforcée,zone : Rivières de Bresse (eaux superficielles)<br>arrêté valable du 11/08/2022 au 31/10/2022
Revonnas (01250),Crise,zone : Rivières du Bugey (eaux superficielles)<br>arrêté valable du 11/08/2022 au 31/10/2022
Reyrieux (01600),Crise,zone : Rivières de Dombes (eaux superficielles)<br>arrêté valable du 11/08/2022 au 31/10/2022
Reyrieux (01600),Crise,zone : Saône Aval (eaux superficielles)<br>arrêté valable du 11/08/2022 au 31/10/2022
Reyrieux (01600),Alerte renforcée,zone : Dombes – Sud (eaux souterraines)<br>arrêté valable du 11/08/2022 au 31/10/2022
Reyrieux (01600),Crise,zone : Saône Aval (eaux souterraines)<br>arrêté valable du 11/08/2022 au 31/10/2022
Reyssouze (01190),Crise,zone : Saône Aval (eaux superficielles)<br>arrêté valable du 11/08/2022 au 31/10/2022
Reyssouze (01190),Crise,zone : Saône Aval (eaux souterraines)<br>arrêté valable du 11/08/2022 au 31/10/2022
Rignieux-le-Franc (01800),Crise,zone : Rivières de Dombes (eaux superficielles)<br>arrêté valable du 11/08/2022 au 31/10/2022
Rignieux-le-Franc (01800),Vigilance,zone : Dombes – Certines – Nord (eaux souterraines)<br>arrêté valable du 11/08/2022 au 31/10/2022
Rignieux-le-Franc (01800),Alerte,zone : Plaine de l'Ain (eaux souterraines)<br>arrêté valable du 11/08/2022 au 31/10/2022
Romans (01400),Crise,zone : Rivières de Dombes (eaux superficielles)<br>arrêté valable du 11/08/2022 au 31/10/2022
Romans (01400),Vigilance,zone : Dombes – Certines – Nord (eaux souterraines)<br>arrêté valable du 11/08/2022 au 31/10/2022
Rossillon (01510),Crise,zone : Rivières du Bugey (eaux superficielles)<br>arrêté valable du 11/08/2022 au 31/10/2022
Ruffieu (01260),Crise,zone : Rivières du Haut-Rhône (eaux superficielles)<br>arrêté valable du 11/08/2022 au 31/10/2022
Saint-Alban (01450),Crise,zone : Rivières du Bugey (eaux superficielles)<br>arrêté valable du 11/08/2022 au 31/10/2022
Saint-André-d'Huiriat (01290),Crise,zone : Rivières de Dombes (eaux superficielles)<br>arrêté valable du 11/08/2022 au 31/10/2022
Saint-André-d'Huiriat (01290),Vigilance,zone : Dombes – Certines – Nord (eaux souterraines)<br>arrêté valable du 11/08/2022 au 31/10/2022
Saint-André-de-Bâgé (01380),Alerte renforcée,zone : Rivières de Bresse (eaux superficielles)<br>arrêté valable du 11/08/2022 au 31/10/2022
Saint-André-de-Bâgé (01380),Crise,zone : Saône Aval (eaux superficielles)<br>arrêté valable du 11/08/2022 au 31/10/2022
Saint-André-de-Bâgé (01380),Crise,zone : Saône Aval (eaux souterraines)<br>arrêté valable du 11/08/2022 au 31/10/2022
Saint-André-de-Corcy (01390),Crise,zone : Rivières de Dombes (eaux superficielles)<br>arrêté valable du 11/08/2022 au 31/10/2022
Saint-André-de-Corcy (01390),Alerte renforcée,zone : Dombes – Sud (eaux souterraines)<br>arrêté valable du 11/08/2022 au 31/10/2022
Saint-André-le-Bouchoux (01240),Crise,zone : Rivières de Dombes (eaux superficielles)<br>arrêté valable du 11/08/2022 au 31/10/2022
Saint-André-le-Bouchoux (01240),Vigilance,zone : Dombes – Certines – Nord (eaux souterraines)<br>arrêté valable du 11/08/2022 au 31/10/2022
Saint-André-sur-Vieux-Jonc (01960),Crise,zone : Rivières de Dombes (eaux superficielles)<br>arrêté valable du 11/08/2022 au 31/10/2022
Saint-André-sur-Vieux-Jonc (01960),Vigilance,zone : Dombes – Certines – Nord (eaux souterraines)<br>arrêté valable du 11/08/2022 au 31/10/2022
Saint-Bernard (01600),Crise,zone : Saône Aval (eaux superficielles)<br>arrêté valable du 11/08/2022 au 31/10/2022
Saint-Bernard (01600),Crise,zone : Saône Aval (eaux souterraines)<br>arrêté valable du 11/08/2022 au 31/10/2022
Saint-Bénigne (01190),Crise,zone : Saône Aval (eaux superficielles)<br>arrêté valable du 11/08/2022 au 31/10/2022
Saint-Bénigne (01190),Crise,zone : Saône Aval (eaux souterraines)<br>arrêté valable du 11/08/2022 au 31/10/2022
Saint-Cyr-sur-Menthon (01380),Crise,zone : Rivières de Dombes (eaux superficielles)<br>arrêté valable du 11/08/2022 au 31/10/2022
Saint-Cyr-sur-Menthon (01380),Vigilance,zone : Dombes – Certines – Nord (eaux souterraines)<br>arrêté valable du 11/08/2022 au 31/10/2022
Saint-Denis-en-Bugey (01500),Crise,zone : Rivières du Bugey (eaux superficielles)<br>arrêté valable du 11/08/2022 au 31/10/2022
Saint-Denis-en-Bugey (01500),Alerte,zone : Plaine de l'Ain (eaux souterraines)<br>arrêté valable du 11/08/2022 au 31/10/2022
Saint-Denis-lès-Bourg (01000),Alerte renforcée,zone : Rivières de Bresse (eaux superficielles)<br>arrêté valable du 11/08/2022 au 31/10/2022
Saint-Denis-lès-Bourg (01000),Crise,zone : Rivières de Dombes (eaux superficielles)<br>arrêté valable du 11/08/2022 au 31/10/2022
Saint-Denis-lès-Bourg (01000),Vigilance,zone : Dombes – Certines – Nord (eaux souterraines)<br>arrêté valable du 11/08/2022 au 31/10/2022
Saint-Didier-d'Aussiat (01340),Alerte renforcée,zone : Rivières de Bresse (eaux superficielles)<br>arrêté valable du 11/08/2022 au 31/10/2022
Saint-Didier-d'Aussiat (01340),Crise,zone : Rivières de Dombes (eaux superficielles)<br>arrêté valable du 11/08/2022 au 31/10/2022
Saint-Didier-d'Aussiat (01340),Vigilance,zone : Dombes – Certines – Nord (eaux souterraines)<br>arrêté valable du 11/08/2022 au 31/10/2022
Saint-Didier-de-Formans (01600),Crise,zone : Rivières de Dombes (eaux superficielles)<br>arrêté valable du 11/08/2022 au 31/10/2022
Saint-Didier-de-Formans (01600),Crise,zone : Saône Aval (eaux superficielles)<br>arrêté valable du 11/08/2022 au 31/10/2022
Saint-Didier-de-Formans (01600),Alerte renforcée,zone : Dombes – Sud (eaux souterraines)<br>arrêté valable du 11/08/2022 au 31/10/2022
Saint-Didier-de-Formans (01600),Crise,zone : Saône Aval (eaux souterraines)<br>arrêté valable du 11/08/2022 au 31/10/2022
Saint-Didier-sur-Chalaronne (01140),Crise,zone : Saône Aval (eaux superficielles)<br>arrêté valable du 11/08/2022 au 31/10/2022
Saint-Didier-sur-Chalaronne (01140),Crise,zone : Saône Aval (eaux souterraines)<br>arrêté valable du 11/08/2022 au 31/10/2022
Saint-Genis-Pouilly (01630),Crise,zone : Rivières du Haut-Rhône (eaux superficielles)<br>arrêté valable du 11/08/2022 au 31/10/2022
Saint-Genis-Pouilly (01630),Vigilance,zone : Pays de Gex (eaux souterraines)<br>arrêté valable du 11/08/2022 au 31/10/2022
Saint-Genis-sur-Menthon (01380),Alerte renforcée,zone : Rivières de Bresse (eaux superficielles)<br>arrêté valable du 11/08/2022 au 31/10/2022
Saint-Genis-sur-Menthon (01380),Crise,zone : Rivières de Dombes (eaux superficielles)<br>arrêté valable du 11/08/2022 au 31/10/2022
Saint-Genis-sur-Menthon (01380),Vigilance,zone : Dombes – Certines – Nord (eaux souterraines)<br>arrêté valable du 11/08/2022 au 31/10/2022
Saint-Georges-sur-Renon (01400),Crise,zone : Rivières de Dombes (eaux superficielles)<br>arrêté valable du 11/08/2022 au 31/10/2022
Saint-Georges-sur-Renon (01400),Vigilance,zone : Dombes – Certines – Nord (eaux souterraines)<br>arrêté valable du 11/08/2022 au 31/10/2022
Saint-Germain-de-Joux (01130),Crise,zone : Rivières du Haut-Rhône (eaux superficielles)<br>arrêté valable du 11/08/2022 au 31/10/2022
Saint-Germain-les-Paroisses (01300),Crise,zone : Rivières du Bugey (eaux superficielles)<br>arrêté valable du 11/08/2022 au 31/10/2022
Saint-Germain-sur-Renon (01240),Crise,zone : Rivières de Dombes (eaux superficielles)<br>arrêté valable du 11/08/2022 au 31/10/2022
Saint-Germain-sur-Renon (01240),Vigilance,zone : Dombes – Certines – Nord (eaux souterraines)<br>arrêté valable du 11/08/2022 au 31/10/2022
Saint-Jean-de-Gonville (01630),Crise,zone : Rivières du Haut-Rhône (eaux superficielles)<br>arrêté valable du 11/08/2022 au 31/10/2022
Saint-Jean-de-Gonville (01630),Vigilance,zone : Pays de Gex (eaux souterraines)<br>arrêté valable du 11/08/2022 au 31/10/2022
Saint-Jean-de-Niost (01800),Crise,zone : Rivières de Dombes (eaux superficielles)<br>arrêté valable du 11/08/2022 au 31/10/2022
Saint-Jean-de-Niost (01800),Crise,zone : Rivières du Bugey (eaux superficielles)<br>arrêté valable du 11/08/2022 au 31/10/2022
Saint-Jean-de-Niost (01800),Alerte,zone : Plaine de l'Ain (eaux souterraines)<br>arrêté valable du 11/08/2022 au 31/10/2022
Saint-Jean-de-Thurigneux (01390),Crise,zone : Rivières de Dombes (eaux superficielles)<br>arrêté valable du 11/08/2022 au 31/10/2022
Saint-Jean-de-Thurigneux (01390),Alerte renforcée,zone : Dombes – Sud (eaux souterraines)<br>arrêté valable du 11/08/2022 au 31/10/2022
Saint-Jean-le-Vieux (01640),Crise,zone : Rivières du Bugey (eaux superficielles)<br>arrêté valable du 11/08/2022 au 31/10/2022
Saint-Jean-le-Vieux (01640),Alerte,zone : Plaine de l'Ain (eaux souterraines)<br>arrêté valable du 11/08/2022 au 31/10/2022
Saint-Jean-sur-Reyssouze (01560),Alerte renforcée,zone : Rivières de Bresse (eaux superficielles)<br>arrêté valable du 11/08/2022 au 31/10/2022
Saint-Jean-sur-Veyle (01290),Crise,zone : Rivières de Dombes (eaux superficielles)<br>arrêté valable du 11/08/2022 au 31/10/2022
Saint-Jean-sur-Veyle (01290),Vigilance,zone : Dombes – Certines – Nord (eaux souterraines)<br>arrêté valable du 11/08/2022 au 31/10/2022
Saint-Julien-sur-Reyssouze (01560),Alerte renforcée,zone : Rivières de Bresse (eaux superficielles)<br>arrêté valable du 11/08/2022 au 31/10/2022
Saint-Julien-sur-Veyle (01540),Crise,zone : Rivières de Dombes (eaux superficielles)<br>arrêté valable du 11/08/2022 au 31/10/2022
Saint-Julien-sur-Veyle (01540),Vigilance,zone : Dombes – Certines – Nord (eaux souterraines)<br>arrêté valable du 11/08/2022 au 31/10/2022
Saint-Just (01250),Alerte renforcée,zone : Rivières de Bresse (eaux superficielles)<br>arrêté valable du 11/08/2022 au 31/10/2022
Saint-Just (01250),Vigilance,zone : Dombes – Certines – Nord (eaux souterraines)<br>arrêté valable du 11/08/2022 au 31/10/2022
Saint-Laurent-sur-Saône (01750),Crise,zone : Saône Aval (eaux superficielles)<br>arrêté valable du 11/08/2022 au 31/10/2022
Saint-Laurent-sur-Saône (01750),Crise,zone : Saône Aval (eaux souterraines)<br>arrêté valable du 11/08/2022 au 31/10/2022
Saint-Marcel (01390),Crise,zone : Rivières de Dombes (eaux superficielles)<br>arrêté valable du 11/08/2022 au 31/10/2022
Saint-Marcel (01390),Alerte renforcée,zone : Dombes – Sud (eaux souterraines)<br>arrêté valable du 11/08/2022 au 31/10/2022
Saint-Martin-de-Bavel (01510),Crise,zone : Rivières du Bugey (eaux superficielles)<br>arrêté valable du 11/08/2022 au 31/10/2022
Saint-Martin-de-Bavel (01510),Crise,zone : Rivières du Haut-Rhône (eaux superficielles)<br>arrêté valable du 11/08/2022 au 31/10/2022
Saint-Martin-du-Frêne (01430),Crise,zone : Rivières du Bugey (eaux superficielles)<br>arrêté valable du 11/08/2022 au 31/10/2022
Saint-Martin-du-Mont (01160),Alerte renforcée,zone : Rivières de Bresse (eaux superficielles)<br>arrêté valable du 11/08/2022 au 31/10/2022
Saint-Martin-du-Mont (01160),Vigilance,zone : Dombes – Certines – Nord (eaux souterraines)<br>arrêté valable du 11/08/2022 au 31/10/2022
Saint-Martin-le-Châtel (01310),Alerte renforcée,zone : Rivières de Bresse (eaux superficielles)<br>arrêté valable du 11/08/2022 au 31/10/2022
Saint-Maurice-de-Beynost (01700),Crise,zone : Rivières de Dombes (eaux superficielles)<br>arrêté valable du 11/08/2022 au 31/10/2022
Saint-Maurice-de-Beynost (01700),Alerte renforcée,zone : Dombes – Sud (eaux souterraines)<br>arrêté valable du 11/08/2022 au 31/10/2022
Saint-Maurice-de-Gourdans (01800),Crise,zone : Rivières de Dombes (eaux superficielles)<br>arrêté valable du 11/08/2022 au 31/10/2022
Saint-Maurice-de-Gourdans (01800),Alerte,zone : Plaine de l'Ain (eaux souterraines)<br>arrêté valable du 11/08/2022 au 31/10/2022
Saint-Maurice-de-Rémens (01500),Crise,zone : Rivières du Bugey (eaux superficielles)<br>arrêté valable du 11/08/2022 au 31/10/2022
Saint-Maurice-de-Rémens (01500),Alerte,zone : Plaine de l'Ain (eaux souterraines)<br>arrêté valable du 11/08/2022 au 31/10/2022
Saint-Nizier-le-Bouchoux (01560),Alerte renforcée,zone : Rivières de Bresse (eaux superficielles)<br>arrêté valable du 11/08/2022 au 31/10/2022
Saint-Nizier-le-Désert (01320),Crise,zone : Rivières de Dombes (eaux superficielles)<br>arrêté valable du 11/08/2022 au 31/10/2022
Saint-Nizier-le-Désert (01320),Vigilance,zone : Dombes – Certines – Nord (eaux souterraines)<br>arrêté valable du 11/08/2022 au 31/10/2022
Saint-Paul-de-Varax (01240),Crise,zone : Rivières de Dombes (eaux superficielles)<br>arrêté valable du 11/08/2022 au 31/10/2022
Saint-Paul-de-Varax (01240),Vigilance,zone : Dombes – Certines – Nord (eaux souterraines)<br>arrêté valable du 11/08/2022 au 31/10/2022
Saint-Rambert-en-Bugey (01230),Crise,zone : Rivières du Bugey (eaux superficielles)<br>arrêté valable du 11/08/2022 au 31/10/2022
Saint-Rémy (01310),Crise,zone : Rivières de Dombes (eaux superficielles)<br>arrêté valable du 11/08/2022 au 31/10/2022
Saint-Rémy (01310),Vigilance,zone : Dombes – Certines – Nord (eaux souterraines)<br>arrêté valable du 11/08/2022 au 31/10/2022
Saint-Sorlin-en-Bugey (01150),Crise,zone : Rivières du Bugey (eaux superficielles)<br>arrêté valable du 11/08/2022 au 31/10/2022
Saint-Sorlin-en-Bugey (01150),Alerte,zone : Plaine de l'Ain (eaux souterraines)<br>arrêté valable du 11/08/2022 au 31/10/2022
Saint-Sulpice (01340),Alerte renforcée,zone : Rivières de Bresse (eaux superficielles)<br>arrêté valable du 11/08/2022 au 31/10/2022
Saint-Trivier-de-Courtes (01560),Alerte renforcée,zone : Rivières de Bresse (eaux superficielles)<br>arrêté valable du 11/08/2022 au 31/10/2022
Saint-Trivier-sur-Moignans (01990),Crise,zone : Rivières de Dombes (eaux superficielles)<br>arrêté valable du 11/08/2022 au 31/10/2022
Saint-Trivier-sur-Moignans (01990),Vigilance,zone : Dombes – Certines – Nord (eaux souterraines)<br>arrêté valable du 11/08/2022 au 31/10/2022
Saint-Vulbas (01150),Crise,zone : Rivières du Bugey (eaux superficielles)<br>arrêté valable du 11/08/2022 au 31/10/2022
Saint-Vulbas (01150),Alerte,zone : Plaine de l'Ain (eaux souterraines)<br>arrêté valable du 11/08/2022 au 31/10/2022
Saint-Éloi (01800),Crise,zone : Rivières de Dombes (eaux superficielles)<br>arrêté valable du 11/08/2022 au 31/10/2022
Saint-Éloi (01800),Alerte renforcée,zone : Dombes – Sud (eaux souterraines)<br>arrêté valable du 11/08/2022 au 31/10/2022
Saint-Étienne-du-Bois (01370),Alerte renforcée,zone : Rivières de Bresse (eaux superficielles)<br>arrêté valable du 11/08/2022 au 31/10/2022
Saint-Étienne-sur-Chalaronne (01140),Crise,zone : Rivières de Dombes (eaux superficielles)<br>arrêté valable du 11/08/2022 au 31/10/2022
Saint-Étienne-sur-Chalaronne (01140),Crise,zone : Saône Aval (eaux superficielles)<br>arrêté valable du 11/08/2022 au 31/10/2022
Saint-Étienne-sur-Chalaronne (01140),Vigilance,zone : Dombes – Certines – Nord (eaux souterraines)<br>arrêté valable du 11/08/2022 au 31/10/2022
Saint-Étienne-sur-Chalaronne (01140),Crise,zone : Saône Aval (eaux souterraines)<br>arrêté valable du 11/08/2022 au 31/10/2022
Saint-Étienne-sur-Reyssouze (01190),Alerte renforcée,zone : Rivières de Bresse (eaux superficielles)<br>arrêté valable du 11/08/2022 au 31/10/2022
Sainte-Croix (01120),Crise,zone : Rivières de Dombes (eaux superficielles)<br>arrêté valable du 11/08/2022 au 31/10/2022
Sainte-Croix (01120),Alerte renforcée,zone : Dombes – Sud (eaux souterraines)<br>arrêté valable du 11/08/2022 au 31/10/2022
Sainte-Euphémie (01600),Crise,zone : Rivières de Dombes (eaux superficielles)<br>arrêté valable du 11/08/2022 au 31/10/2022
Sainte-Euphémie (01600),Alerte renforcée,zone : Dombes – Sud (eaux souterraines)<br>arrêté valable du 11/08/2022 au 31/10/2022
Sainte-Julie (01150),Crise,zone : Rivières du Bugey (eaux superficielles)<br>arrêté valable du 11/08/2022 au 31/10/2022
Sainte-Julie (01150),Alerte,zone : Plaine de l'Ain (eaux souterraines)<br>arrêté valable du 11/08/2022 au 31/10/2022
Sainte-Olive (01330),Crise,zone : Rivières de Dombes (eaux superficielles)<br>arrêté valable du 11/08/2022 au 31/10/2022
Sainte-Olive (01330),Vigilance,zone : Dombes – Certines – Nord (eaux souterraines)<br>arrêté valable du 11/08/2022 au 31/10/2022
Salavre (01270),Alerte renforcée,zone : Rivières de Bresse (eaux superficielles)<br>arrêté valable du 11/08/2022 au 31/10/2022
Samognat (01580),Crise,zone : Rivières du Bugey (eaux superficielles)<br>arrêté valable du 11/08/2022 au 31/10/2022
Sandrans (01400),Crise,zone : Rivières de Dombes (eaux superficielles)<br>arrêté valable du 11/08/2022 au 31/10/2022
Sandrans (01400),Vigilance,zone : Dombes – Certines – Nord (eaux souterraines)<br>arrêté valable du 11/08/2022 au 31/10/2022
Sault-Brénaz (01150),Crise,zone : Rivières du Bugey (eaux superficielles)<br>arrêté valable du 11/08/2022 au 31/10/2022
Sauverny (01220),Crise,zone : Rivières du Haut-Rhône (eaux superficielles)<br>arrêté valable du 11/08/2022 au 31/10/2022
Sauverny (01220),Vigilance,zone : Pays de Gex (eaux souterraines)<br>arrêté valable du 11/08/2022 au 31/10/2022
Savigneux (01480),Crise,zone : Rivières de Dombes (eaux superficielles)<br>arrêté valable du 11/08/2022 au 31/10/2022
Savigneux (01480),Alerte renforcée,zone : Dombes – Sud (eaux souterraines)<br>arrêté valable du 11/08/2022 au 31/10/2022
Seillonnaz (01470),Crise,zone : Rivières du Bugey (eaux superficielles)<br>arrêté valable du 11/08/2022 au 31/10/2022
Sergy (01630),Crise,zone : Rivières du Haut-Rhône (eaux superficielles)<br>arrêté valable du 11/08/2022 au 31/10/2022
Sergy (01630),Vigilance,zone : Pays de Gex (eaux souterraines)<br>arrêté valable du 11/08/2022 au 31/10/2022
Sermoyer (01190),Crise,zone : Saône Aval (eaux superficielles)<br>arrêté valable du 11/08/2022 au 31/10/2022
Sermoyer (01190),Crise,zone : Saône Aval (eaux souterraines)<br>arrêté valable du 11/08/2022 au 31/10/2022
Serrières-de-Briord (01470),Crise,zone : Rivières du Bugey (eaux superficielles)<br>arrêté valable du 11/08/2022 au 31/10/2022
Serrières-sur-Ain (01450),Crise,zone : Rivières du Bugey (eaux superficielles)<br>arrêté valable du 11/08/2022 au 31/10/2022
Servas (01960),Crise,zone : Rivières de Dombes (eaux superficielles)<br>arrêté valable du 11/08/2022 au 31/10/2022
Servas (01960),Vigilance,zone : Dombes – Certines – Nord (eaux souterraines)<br>arrêté valable du 11/08/2022 au 31/10/2022
Servignat (01560),Alerte renforcée,zone : Rivières de Bresse (eaux superficielles)<br>arrêté valable du 11/08/2022 au 31/10/2022
Seyssel (01420),Crise,zone : Rivières du Haut-Rhône (eaux superficielles)<br>arrêté valable du 11/08/2022 au 31/10/2022
Simandre-sur-Suran (01250),Crise,zone : Rivières du Bugey (eaux superficielles)<br>arrêté valable du 11/08/2022 au 31/10/2022
Sonthonnax-la-Montagne (01580),Crise,zone : Rivières du Bugey (eaux superficielles)<br>arrêté valable du 11/08/2022 au 31/10/2022
Souclin (01150),Crise,zone : Rivières du Bugey (eaux superficielles)<br>arrêté valable du 11/08/2022 au 31/10/2022
Sulignat (01400),Crise,zone : Rivières de Dombes (eaux superficielles)<br>arrêté valable du 11/08/2022 au 31/10/2022
Sulignat (01400),Vigilance,zone : Dombes – Certines – Nord (eaux souterraines)<br>arrêté valable du 11/08/2022 au 31/10/2022
Surjoux-Lhopital (01420),Crise,zone : Rivières du Haut-Rhône (eaux superficielles)<br>arrêté valable du 11/08/2022 au 31/10/2022
Ségny (01170),Crise,zone : Rivières du Haut-Rhône (eaux superficielles)<br>arrêté valable du 11/08/2022 au 31/10/2022
Ségny (01170),Vigilance,zone : Pays de Gex (eaux souterraines)<br>arrêté valable du 11/08/2022 au 31/10/2022
Talissieu (01510),Crise,zone : Rivières du Haut-Rhône (eaux superficielles)<br>arrêté valable du 11/08/2022 au 31/10/2022
Tenay (01230),Crise,zone : Rivières du Bugey (eaux superficielles)<br>arrêté valable du 11/08/2022 au 31/10/2022
Thil (01120),Crise,zone : Rivières de Dombes (eaux superficielles)<br>arrêté valable du 11/08/2022 au 31/10/2022
Thoiry (01710),Crise,zone : Rivières du Haut-Rhône (eaux superficielles)<br>arrêté valable du 11/08/2022 au 31/10/2022
Thoiry (01710),Vigilance,zone : Pays de Gex (eaux souterraines)<br>arrêté valable du 11/08/2022 au 31/10/2022
Thoissey (01140),Crise,zone : Saône Aval (eaux superficielles)<br>arrêté valable du 11/08/2022 au 31/10/2022
Thoissey (01140),Crise,zone : Saône Aval (eaux souterraines)<br>arrêté valable du 11/08/2022 au 31/10/2022
Torcieu (01230),Crise,zone : Rivières du Bugey (eaux superficielles)<br>arrêté valable du 11/08/2022 au 31/10/2022
Tossiat (01250),Alerte renforcée,zone : Rivières de Bresse (eaux superficielles)<br>arrêté valable du 11/08/2022 au 31/10/2022
Tossiat (01250),Vigilance,zone : Dombes – Certines – Nord (eaux souterraines)<br>arrêté valable du 11/08/2022 au 31/10/2022
Toussieux (01600),Crise,zone : Rivières de Dombes (eaux superficielles)<br>arrêté valable du 11/08/2022 au 31/10/2022
Toussieux (01600),Alerte renforcée,zone : Dombes – Sud (eaux souterraines)<br>arrêté valable du 11/08/2022 au 31/10/2022
Tramoyes (01390),Crise,zone : Rivières de Dombes (eaux superficielles)<br>arrêté valable du 11/08/2022 au 31/10/2022
Tramoyes (01390),Alerte renforcée,zone : Dombes – Sud (eaux souterraines)<br>arrêté valable du 11/08/2022 au 31/10/2022
Trévoux (01600),Crise,zone : Saône Aval (eaux superficielles)<br>arrêté valable du 11/08/2022 au 31/10/2022
Trévoux (01600),Crise,zone : Saône Aval (eaux souterraines)<br>arrêté valable du 11/08/2022 au 31/10/2022
Val-Revermont (01370),Alerte renforcée,zone : Rivières de Bresse (eaux superficielles)<br>arrêté valable du 11/08/2022 au 31/10/2022
Valeins (01140),Crise,zone : Rivières de Dombes (eaux superficielles)<br>arrêté valable du 11/08/2022 au 31/10/2022
Valeins (01140),Vigilance,zone : Dombes – Certines – Nord (eaux souterraines)<br>arrêté valable du 11/08/2022 au 31/10/2022
Valeins (01140),Alerte renforcée,zone : Dombes – Sud (eaux souterraines)<br>arrêté valable du 11/08/2022 au 31/10/2022
Valromey-sur-Séran (01260),Crise,zone : Rivières du Haut-Rhône (eaux superficielles)<br>arrêté valable du 11/08/2022 au 31/10/2022
Valserhône (01200),Crise,zone : Rivières du Haut-Rhône (eaux superficielles)<br>arrêté valable du 11/08/2022 au 31/10/2022
Vandeins (01660),Crise,zone : Rivières de Dombes (eaux superficielles)<br>arrêté valable du 11/08/2022 au 31/10/2022
Vandeins (01660),Vigilance,zone : Dombes – Certines – Nord (eaux souterraines)<br>arrêté valable du 11/08/2022 au 31/10/2022
Varambon (01160),Alerte renforcée,zone : Rivières de Bresse (eaux superficielles)<br>arrêté valable du 11/08/2022 au 31/10/2022
Varambon (01160),Crise,zone : Rivières de Dombes (eaux superficielles)<br>arrêté valable du 11/08/2022 au 31/10/2022
Varambon (01160),Vigilance,zone : Dombes – Certines – Nord (eaux souterraines)<br>arrêté valable du 11/08/2022 au 31/10/2022
Varambon (01160),Alerte,zone : Plaine de l'Ain (eaux souterraines)<br>arrêté valable du 11/08/2022 au 31/10/2022
Vaux-en-Bugey (01150),Crise,zone : Rivières du Bugey (eaux superficielles)<br>arrêté valable du 11/08/2022 au 31/10/2022
Vaux-en-Bugey (01150),Alerte,zone : Plaine de l'Ain (eaux souterraines)<br>arrêté valable du 11/08/2022 au 31/10/2022
Verjon (01270),Alerte renforcée,zone : Rivières de Bresse (eaux superficielles)<br>arrêté valable du 11/08/2022 au 31/10/2022
Vernoux (01560),Alerte renforcée,zone : Rivières de Bresse (eaux superficielles)<br>arrêté valable du 11/08/2022 au 31/10/2022
Versailleux (01330),Crise,zone : Rivières de Dombes (eaux superficielles)<br>arrêté valable du 11/08/2022 au 31/10/2022
Versailleux (01330),Vigilance,zone : Dombes – Certines – Nord (eaux souterraines)<br>arrêté valable du 11/08/2022 au 31/10/2022
Versailleux (01330),Alerte renforcée,zone : Dombes – Sud (eaux souterraines)<br>arrêté valable du 11/08/2022 au 31/10/2022
Versonnex (01210),Crise,zone : Rivières du Haut-Rhône (eaux superficielles)<br>arrêté valable du 11/08/2022 au 31/10/2022
Versonnex (01210),Vigilance,zone : Pays de Gex (eaux souterraines)<br>arrêté valable du 11/08/2022 au 31/10/2022
Vesancy (01170),Crise,zone : Rivières du Haut-Rhône (eaux superficielles)<br>arrêté valable du 11/08/2022 au 31/10/2022
Vesancy (01170),Vigilance,zone : Pays de Gex (eaux souterraines)<br>arrêté valable du 11/08/2022 au 31/10/2022
Vescours (01560),Alerte renforcée,zone : Rivières de Bresse (eaux superficielles)<br>arrêté valable du 11/08/2022 au 31/10/2022
Vescours (01560),Crise,zone : Saône Aval (eaux superficielles)<br>arrêté valable du 11/08/2022 au 31/10/2022
Vescours (01560),Crise,zone : Saône Aval (eaux souterraines)<br>arrêté valable du 11/08/2022 au 31/10/2022
Vieu-d'Izenave (01430),Crise,zone : Rivières du Bugey (eaux superficielles)<br>arrêté valable du 11/08/2022 au 31/10/2022
Villars-les-Dombes (01330),Crise,zone : Rivières de Dombes (eaux superficielles)<br>arrêté valable du 11/08/2022 au 31/10/2022
Villars-les-Dombes (01330),Vigilance,zone : Dombes – Certines – Nord (eaux souterraines)<br>arrêté valable du 11/08/2022 au 31/10/2022
Villebois (01150),Crise,zone : Rivières du Bugey (eaux superficielles)<br>arrêté valable du 11/08/2022 au 31/10/2022
Villemotier (01270),Alerte renforcée,zone : Rivières de Bresse (eaux superficielles)<br>arrêté valable du 11/08/2022 au 31/10/2022
Villeneuve (01480),Crise,zone : Rivières de Dombes (eaux superficielles)<br>arrêté valable du 11/08/2022 au 31/10/2022
Villeneuve (01480),Vigilance,zone : Dombes – Certines – Nord (eaux souterraines)<br>arrêté valable du 11/08/2022 au 31/10/2022
Villeneuve (01480),Alerte renforcée,zone : Dombes – Sud (eaux souterraines)<br>arrêté valable du 11/08/2022 au 31/10/2022
Villereversure (01250),Crise,zone : Rivières du Bugey (eaux superficielles)<br>arrêté valable du 11/08/2022 au 31/10/2022
Villes (01200),Crise,zone : Rivières du Haut-Rhône (eaux superficielles)<br>arrêté valable du 11/08/2022 au 31/10/2022
Villette-sur-Ain (01320),Crise,zone : Rivières de Dombes (eaux superficielles)<br>arrêté valable du 11/08/2022 au 31/10/2022
Villette-sur-Ain (01320),Alerte,zone : Plaine de l'Ain (eaux souterraines)<br>arrêté valable du 11/08/2022 au 31/10/2022
Villieu-Loyes-Mollon (01800),Crise,zone : Rivières de Dombes (eaux superficielles)<br>arrêté valable du 11/08/2022 au 31/10/2022
Villieu-Loyes-Mollon (01800),Alerte,zone : Plaine de l'Ain (eaux souterraines)<br>arrêté valable du 11/08/2022 au 31/10/2022
Viriat (01440),Alerte renforcée,zone : Rivières de Bresse (eaux superficielles)<br>arrêté valable du 11/08/2022 au 31/10/2022
Virieu-le-Grand (01510),Crise,zone : Rivières du Bugey (eaux superficielles)<br>arrêté valable du 11/08/2022 au 31/10/2022
Virignin (01300),Crise,zone : Rivières du Bugey (eaux superficielles)<br>arrêté valable du 11/08/2022 au 31/10/2022
Vongnes (01350),Crise,zone : Rivières du Haut-Rhône (eaux superficielles)<br>arrêté valable du 11/08/2022 au 31/10/2022
Vonnas (01540),Crise,zone : Rivières de Dombes (eaux superficielles)<br>arrêté valable du 11/08/2022 au 31/10/2022
Vonnas (01540),Vigilance,zone : Dombes – Certines – Nord (eaux souterraines)<br>arrêté valable du 11/08/2022 au 31/10/2022
Vésines (01570),Crise,zone : Saône Aval (eaux superficielles)<br>arrêté valable du 11/08/2022 au 31/10/2022
Vésines (01570),Crise,zone : Saône Aval (eaux souterraines)<br>arrêté valable du 11/08/2022 au 31/10/2022
Échallon (01130),Crise,zone : Rivières du Haut-Rhône (eaux superficielles)<br>arrêté valable du 11/08/2022 au 31/10/2022
Échenevex (01170),Crise,zone : Rivières du Haut-Rhône (eaux superficielles)<br>arrêté valable du 11/08/2022 au 31/10/2022
Échenevex (01170),Vigilance,zone : Pays de Gex (eaux souterraines)<br>arrêté valable du 11/08/2022 au 31/10/2022
Évosges (01230),Crise,zone : Rivières du Bugey (eaux superficielles)<br>arrêté valable du 11/08/2022 au 31/10/2022
Abrest (03200),Alerte,zone : Bassin de l'Allier (eaux superficielles)<br>arrêté valable du 23/09/2022 au 31/10/2022
Abrest (03200),Alerte renforcée,zone : Bassin de l'Allier (eaux superficielles)<br>arrêté valable du 09/09/2022 au 31/10/2022
Agonges (03210),Alerte,zone : Bassin de l'Allier (eaux superficielles)<br>arrêté valable du 23/09/2022 au 31/10/2022
Agonges (03210),Alerte renforcée,zone : Bassin de l'Allier (eaux superficielles)<br>arrêté valable du 09/09/2022 au 31/10/2022
Ainay-le-Château (03360),Alerte renforcée,zone : Bassin du Cher (eaux superficielles)<br>arrêté valable du 23/09/2022 au 31/10/2022
Ainay-le-Château (03360),Alerte renforcée,zone : Bassin du Cher (eaux superficielles)<br>arrêté valable du 09/09/2022 au 31/10/2022
Andelaroche (03120),Alerte renforcée,zone : Bassin de la Besbre (eaux superficielles)<br>arrêté valable du 23/09/2022 au 31/10/2022
Andelaroche (03120),Alerte renforcée,zone : Bassin de la Besbre (eaux superficielles)<br>arrêté valable du 09/09/2022 au 31/10/2022
Archignat (03380),Alerte renforcée,zone : Bassin du Cher (eaux superficielles)<br>arrêté valable du 23/09/2022 au 31/10/2022
Archignat (03380),Alerte renforcée,zone : Bassin du Cher (eaux superficielles)<br>arrêté valable du 09/09/2022 au 31/10/2022
Arfeuilles (03120),Alerte renforcée,zone : Bassin de la Besbre (eaux superficielles)<br>arrêté valable du 23/09/2022 au 31/10/2022
Arfeuilles (03120),Alerte renforcée,zone : Bassin de la Besbre (eaux superficielles)<br>arrêté valable du 09/09/2022 au 31/10/2022
Arpheuilles-Saint-Priest (03420),Alerte renforcée,zone : Bassin du Cher (eaux superficielles)<br>arrêté valable du 23/09/2022 au 31/10/2022
Arpheuilles-Saint-Priest (03420),Alerte renforcée,zone : Bassin du Cher (eaux superficielles)<br>arrêté valable du 09/09/2022 au 31/10/2022
Arronnes (03250),Crise,zone : Bassin du Sichon (eaux superficielles)<br>arrêté valable du 23/09/2022 au 31/10/2022
Arronnes (03250),Crise,zone : Bassin du Sichon (eaux superficielles)<br>arrêté valable du 09/09/2022 au 31/10/2022
Aubigny (03460),Alerte,zone : Bassin de l'Allier (eaux superficielles)<br>arrêté valable du 23/09/2022 au 31/10/2022
Aubigny (03460),Alerte renforcée,zone : Bassin de l'Allier (eaux superficielles)<br>arrêté valable du 09/09/2022 au 31/10/2022
Audes (03190),Alerte renforcée,zone : Bassin du Cher (eaux superficielles)<br>arrêté valable du 23/09/2022 au 31/10/2022
Audes (03190),Alerte renforcée,zone : Bassin du Cher (eaux superficielles)<br>arrêté valable du 09/09/2022 au 31/10/2022
Aurouër (03460),Alerte,zone : Bassin de l'Allier (eaux superficielles)<br>arrêté valable du 23/09/2022 au 31/10/2022
Aurouër (03460),Alerte renforcée,zone : Bassin de l'Allier (eaux superficielles)<br>arrêté valable du 09/09/2022 au 31/10/2022
Autry-Issards (03210),Alerte,zone : Bassin de l'Allier (eaux superficielles)<br>arrêté valable du 23/09/2022 au 31/10/2022
Autry-Issards (03210),Alerte renforcée,zone : Bassin de l'Allier (eaux superficielles)<br>arrêté valable du 09/09/2022 au 31/10/2022
Avermes (03000),Alerte,zone : Bassin de l'Allier (eaux superficielles)<br>arrêté valable du 23/09/2022 au 31/10/2022
Avermes (03000),Alerte renforcée,zone : Bassin de l'Allier (eaux superficielles)<br>arrêté valable du 09/09/2022 au 31/10/2022
Avrilly (03130),Alerte,zone : Bassin de la Loire (eaux superficielles)<br>arrêté valable du 23/09/2022 au 31/10/2022
Avrilly (03130),Alerte renforcée,zone : Bassin de la Loire (eaux superficielles)<br>arrêté valable du 09/09/2022 au 31/10/2022
Bagneux (03460),Alerte,zone : Bassin de l'Allier (eaux superficielles)<br>arrêté valable du 23/09/2022 au 31/10/2022
Bagneux (03460),Alerte renforcée,zone : Bassin de l'Allier (eaux superficielles)<br>arrêté valable du 09/09/2022 au 31/10/2022
Barberier (03140),Vigilance,zone : Bassin de la Sioule (eaux superficielles)<br>arrêté valable du 23/09/2022 au 31/10/2022
Barberier (03140),Vigilance,zone : Bassin de la Sioule (eaux superficielles)<br>arrêté valable du 09/09/2022 au 31/10/2022
Barrais-Bussolles (03120),Alerte renforcée,zone : Bassin de la Besbre (eaux superficielles)<br>arrêté valable du 23/09/2022 au 31/10/2022
Barrais-Bussolles (03120),Alerte renforcée,zone : Bassin de la Besbre (eaux superficielles)<br>arrêté valable du 09/09/2022 au 31/10/2022
Bayet (03500),Vigilance,zone : Bassin de la Sioule (eaux superficielles)<br>arrêté valable du 23/09/2022 au 31/10/2022
Bayet (03500),Vigilance,zone : Bassin de la Sioule (eaux superficielles)<br>arrêté valable du 09/09/2022 au 31/10/2022
Beaulon (03230),Alerte,zone : Bassin de la Loire (eaux superficielles)<br>arrêté valable du 23/09/2022 au 31/10/2022
Beaulon (03230),Alerte renforcée,zone : Bassin de la Loire (eaux superficielles)<br>arrêté valable du 09/09/2022 au 31/10/2022
Beaune-d'Allier (03390),Crise,zone : Bassin de l'Oeil et de l'Aumance (eaux superficielles)<br>arrêté valable du 23/09/2022 au 31/10/2022
Beaune-d'Allier (03390),Crise,zone : Bassin de l'Oeil et de l'Aumance (eaux superficielles)<br>arrêté valable du 09/09/2022 au 31/10/2022
Bellenaves (03330),Crise,zone : Bassin de la Bouble et du Boublon (eaux superficielles)<br>arrêté valable du 23/09/2022 au 31/10/2022
Bellenaves (03330),Crise,zone : Bassin de la Bouble et du Boublon (eaux superficielles)<br>arrêté valable du 09/09/2022 au 31/10/2022
Bellerive-sur-Allier (03700),Alerte,zone : Bassin de l'Allier (eaux superficielles)<br>arrêté valable du 23/09/2022 au 31/10/2022
Bellerive-sur-Allier (03700),Alerte renforcée,zone : Bassin de l'Allier (eaux superficielles)<br>arrêté valable du 09/09/2022 au 31/10/2022
Bert (03130),Alerte renforcée,zone : Bassin de la Besbre (eaux superficielles)<br>arrêté valable du 23/09/2022 au 31/10/2022
Bert (03130),Alerte renforcée,zone : Bassin de la Besbre (eaux superficielles)<br>arrêté valable du 09/09/2022 au 31/10/2022
Bessay-sur-Allier (03340),Alerte,zone : Bassin de l'Allier (eaux superficielles)<br>arrêté valable du 23/09/2022 au 31/10/2022
Bessay-sur-Allier (03340),Alerte renforcée,zone : Bassin de l'Allier (eaux superficielles)<br>arrêté valable du 09/09/2022 au 31/10/2022
Besson (03210),Alerte,zone : Bassin de l'Allier (eaux superficielles)<br>arrêté valable du 23/09/2022 au 31/10/2022
Besson (03210),Alerte renforcée,zone : Bassin de l'Allier (eaux superficielles)<br>arrêté valable du 09/09/2022 au 31/10/2022
Billezois (03120),Alerte,zone : Bassin de l'Allier (eaux superficielles)<br>arrêté valable du 23/09/2022 au 31/10/2022
Billezois (03120),Alerte renforcée,zone : Bassin de l'Allier (eaux superficielles)<br>arrêté valable du 09/09/2022 au 31/10/2022
Billy (03260),Alerte,zone : Bassin de l'Allier (eaux superficielles)<br>arrêté valable du 23/09/2022 au 31/10/2022
Billy (03260),Alerte renforcée,zone : Bassin de l'Allier (eaux superficielles)<br>arrêté valable du 09/09/2022 au 31/10/2022
Biozat (03800),Vigilance,zone : Bassin de l'Andelot (eaux superficielles)<br>arrêté valable du 23/09/2022 au 31/10/2022
Biozat (03800),Vigilance,zone : Bassin de l'Andelot (eaux superficielles)<br>arrêté valable du 09/09/2022 au 31/10/2022
Bizeneuille (03170),Crise,zone : Bassin de l'Oeil et de l'Aumance (eaux superficielles)<br>arrêté valable du 23/09/2022 au 31/10/2022
Bizeneuille (03170),Crise,zone : Bassin de l'Oeil et de l'Aumance (eaux superficielles)<br>arrêté valable du 09/09/2022 au 31/10/2022
Blomard (03390),Crise,zone : Bassin de la Bouble et du Boublon (eaux superficielles)<br>arrêté valable du 23/09/2022 au 31/10/2022
Blomard (03390),Crise,zone : Bassin de la Bouble et du Boublon (eaux superficielles)<br>arrêté valable du 09/09/2022 au 31/10/2022
Bost (03300),Alerte,zone : Bassin de l'Allier (eaux superficielles)<br>arrêté valable du 23/09/2022 au 31/10/2022
Bost (03300),Alerte renforcée,zone : Bassin de l'Allier (eaux superficielles)<br>arrêté valable du 09/09/2022 au 31/10/2022
Boucé (03150),Alerte,zone : Bassin de l'Allier (eaux superficielles)<br>arrêté valable du 23/09/2022 au 31/10/2022
Boucé (03150),Alerte renforcée,zone : Bassin de l'Allier (eaux superficielles)<br>arrêté valable du 09/09/2022 au 31/10/2022
Bourbon-l'Archambault (03160),Alerte,zone : Bassin de l'Allier (eaux superficielles)<br>arrêté valable du 23/09/2022 au 31/10/2022
Bourbon-l'Archambault (03160),Alerte renforcée,zone : Bassin de l'Allier (eaux superficielles)<br>arrêté valable du 09/09/2022 au 31/10/2022
Braize (03360),Alerte renforcée,zone : Bassin du Cher (eaux superficielles)<br>arrêté valable du 23/09/2022 au 31/10/2022
Braize (03360),Alerte renforcée,zone : Bassin du Cher (eaux superficielles)<br>arrêté valable du 09/09/2022 au 31/10/2022
Bransat (03500),Vigilance,zone : Bassin de la Sioule (eaux superficielles)<br>arrêté valable du 23/09/2022 au 31/10/2022
Bransat (03500),Vigilance,zone : Bassin de la Sioule (eaux superficielles)<br>arrêté valable du 09/09/2022 au 31/10/2022
Bresnay (03210),Alerte,zone : Bassin de l'Allier (eaux superficielles)<br>arrêté valable du 23/09/2022 au 31/10/2022
Bresnay (03210),Alerte renforcée,zone : Bassin de l'Allier (eaux superficielles)<br>arrêté valable du 09/09/2022 au 31/10/2022
Bressolles (03000),Alerte,zone : Bassin de l'Allier (eaux superficielles)<br>arrêté valable du 23/09/2022 au 31/10/2022
Bressolles (03000),Alerte renforcée,zone : Bassin de l'Allier (eaux superficielles)<br>arrêté valable du 09/09/2022 au 31/10/2022
Broût-Vernet (03110),Vigilance,zone : Bassin de l'Andelot (eaux superficielles)<br>arrêté valable du 23/09/2022 au 31/10/2022
Broût-Vernet (03110),Vigilance,zone : Bassin de l'Andelot (eaux superficielles)<br>arrêté valable du 09/09/2022 au 31/10/2022
Brugheas (03700),Alerte,zone : Bassin de l'Allier (eaux superficielles)<br>arrêté valable du 23/09/2022 au 31/10/2022
Brugheas (03700),Alerte renforcée,zone : Bassin de l'Allier (eaux superficielles)<br>arrêté valable du 09/09/2022 au 31/10/2022
Busset (03270),Alerte,zone : Bassin de l'Allier (eaux superficielles)<br>arrêté valable du 23/09/2022 au 31/10/2022
Busset (03270),Alerte renforcée,zone : Bassin de l'Allier (eaux superficielles)<br>arrêté valable du 09/09/2022 au 31/10/2022
Buxières-les-Mines (03440),Crise,zone : Bassin de l'Oeil et de l'Aumance (eaux superficielles)<br>arrêté valable du 23/09/2022 au 31/10/2022
Buxières-les-Mines (03440),Crise,zone : Bassin de l'Oeil et de l'Aumance (eaux superficielles)<br>arrêté valable du 09/09/2022 au 31/10/2022
Bègues (03800),Vigilance,zone : Bassin de la Sioule (eaux superficielles)<br>arrêté valable du 23/09/2022 au 31/10/2022
Bègues (03800),Vigilance,zone : Bassin de la Sioule (eaux superficielles)<br>arrêté valable du 09/09/2022 au 31/10/2022
Bézenet (03170),Crise,zone : Bassin de l'Oeil et de l'Aumance (eaux superficielles)<br>arrêté valable du 23/09/2022 au 31/10/2022
Bézenet (03170),Crise,zone : Bassin de l'Oeil et de l'Aumance (eaux superficielles)<br>arrêté valable du 09/09/2022 au 31/10/2022
Cesset (03500),Crise,zone : Bassin de la Bouble et du Boublon (eaux superficielles)<br>arrêté valable du 23/09/2022 au 31/10/2022
Cesset (03500),Crise,zone : Bassin de la Bouble et du Boublon (eaux superficielles)<br>arrêté valable du 09/09/2022 au 31/10/2022
Chamblet (03170),Crise,zone : Bassin de l'Oeil et de l'Aumance (eaux superficielles)<br>arrêté valable du 23/09/2022 au 31/10/2022
Chamblet (03170),Crise,zone : Bassin de l'Oeil et de l'Aumance (eaux superficielles)<br>arrêté valable du 09/09/2022 au 31/10/2022
Chambérat (03370),Alerte renforcée,zone : Bassin du Cher (eaux superficielles)<br>arrêté valable du 23/09/2022 au 31/10/2022
Chambérat (03370),Alerte renforcée,zone : Bassin du Cher (eaux superficielles)<br>arrêté valable du 09/09/2022 au 31/10/2022
Chantelle (03140),Crise,zone : Bassin de la Bouble et du Boublon (eaux superficielles)<br>arrêté valable du 23/09/2022 au 31/10/2022
Chantelle (03140),Crise,zone : Bassin de la Bouble et du Boublon (eaux superficielles)<br>arrêté valable du 09/09/2022 au 31/10/2022
Chapeau (03340),Alerte renforcée,zone : Bassin de l'Acolin (eaux superficielles)<br>arrêté valable du 23/09/2022 au 31/10/2022
Chapeau (03340),Alerte renforcée,zone : Bassin de l'Acolin (eaux superficielles)<br>arrêté valable du 09/09/2022 au 31/10/2022
Chappes (03390),Crise,zone : Bassin de l'Oeil et de l'Aumance (eaux superficielles)<br>arrêté valable du 23/09/2022 au 31/10/2022
Chappes (03390),Crise,zone : Bassin de l'Oeil et de l'Aumance (eaux superficielles)<br>arrêté valable du 09/09/2022 au 31/10/2022
Chareil-Cintrat (03140),Crise,zone : Bassin de la Bouble et du Boublon (eaux superficielles)<br>arrêté valable du 23/09/2022 au 31/10/2022
Chareil-Cintrat (03140),Crise,zone : Bassin de la Bouble et du Boublon (eaux superficielles)<br>arrêté valable du 09/09/2022 au 31/10/2022
Charmeil (03110),Alerte,zone : Bassin de l'Allier (eaux superficielles)<br>arrêté valable du 23/09/2022 au 31/10/2022
Charmeil (03110),Alerte renforcée,zone : Bassin de l'Allier (eaux superficielles)<br>arrêté valable du 09/09/2022 au 31/10/2022
Charmes (03800),Vigilance,zone : Bassin de l'Andelot (eaux superficielles)<br>arrêté valable du 23/09/2022 au 31/10/2022
Charmes (03800),Vigilance,zone : Bassin de l'Andelot (eaux superficielles)<br>arrêté valable du 09/09/2022 au 31/10/2022
Charroux (03140),Vigilance,zone : Bassin de la Sioule (eaux superficielles)<br>arrêté valable du 23/09/2022 au 31/10/2022
Charroux (03140),Vigilance,zone : Bassin de la Sioule (eaux superficielles)<br>arrêté valable du 09/09/2022 au 31/10/2022
Chassenard (03510),Alerte,zone : Bassin de la Loire (eaux superficielles)<br>arrêté valable du 23/09/2022 au 31/10/2022
Chassenard (03510),Alerte renforcée,zone : Bassin de la Loire (eaux superficielles)<br>arrêté valable du 09/09/2022 au 31/10/2022
Chavenon (03440),Crise,zone : Bassin de l'Oeil et de l'Aumance (eaux superficielles)<br>arrêté valable du 23/09/2022 au 31/10/2022
Chavenon (03440),Crise,zone : Bassin de l'Oeil et de l'Aumance (eaux superficielles)<br>arrêté valable du 09/09/2022 au 31/10/2022
Chavroches (03220),Alerte renforcée,zone : Bassin de la Besbre (eaux superficielles)<br>arrêté valable du 23/09/2022 au 31/10/2022
Chavroches (03220),Alerte renforcée,zone : Bassin de la Besbre (eaux superficielles)<br>arrêté valable du 09/09/2022 au 31/10/2022
Chazemais (03370),Alerte renforcée,zone : Bassin du Cher (eaux superficielles)<br>arrêté valable du 23/09/2022 au 31/10/2022
Chazemais (03370),Alerte renforcée,zone : Bassin du Cher (eaux superficielles)<br>arrêté valable du 09/09/2022 au 31/10/2022
Chemilly (03210),Alerte,zone : Bassin de l'Allier (eaux superficielles)<br>arrêté valable du 23/09/2022 au 31/10/2022
Chemilly (03210),Alerte renforcée,zone : Bassin de l'Allier (eaux superficielles)<br>arrêté valable du 09/09/2022 au 31/10/2022
Chevagnes (03230),Alerte renforcée,zone : Bassin de l'Acolin (eaux superficielles)<br>arrêté valable du 23/09/2022 au 31/10/2022
Chevagnes (03230),Alerte renforcée,zone : Bassin de l'Acolin (eaux superficielles)<br>arrêté valable du 09/09/2022 au 31/10/2022
Chezelle (03140),Crise,zone : Bassin de la Bouble et du Boublon (eaux superficielles)<br>arrêté valable du 23/09/2022 au 31/10/2022
Chezelle (03140),Crise,zone : Bassin de la Bouble et du Boublon (eaux superficielles)<br>arrêté valable du 09/09/2022 au 31/10/2022
Chirat-l'Église (03330),Crise,zone : Bassin de la Bouble et du Boublon (eaux superficielles)<br>arrêté valable du 23/09/2022 au 31/10/2022
Chirat-l'Église (03330),Crise,zone : Bassin de la Bouble et du Boublon (eaux superficielles)<br>arrêté valable du 09/09/2022 au 31/10/2022
Chouvigny (03450),Vigilance,zone : Bassin de la Sioule (eaux superficielles)<br>arrêté valable du 23/09/2022 au 31/10/2022
Chouvigny (03450),Vigilance,zone : Bassin de la Sioule (eaux superficielles)<br>arrêté valable du 09/09/2022 au 31/10/2022
Château-sur-Allier (03320),Alerte,zone : Bassin de l'Allier (eaux superficielles)<br>arrêté valable du 23/09/2022 au 31/10/2022
Château-sur-Allier (03320),Alerte renforcée,zone : Bassin de l'Allier (eaux superficielles)<br>arrêté valable du 09/09/2022 au 31/10/2022
Châtel-Montagne (03250),Alerte renforcée,zone : Bassin de la Besbre (eaux superficielles)<br>arrêté valable du 23/09/2022 au 31/10/2022
Châtel-Montagne (03250),Alerte renforcée,zone : Bassin de la Besbre (eaux superficielles)<br>arrêté valable du 09/09/2022 au 31/10/2022
Châtel-de-Neuvre (03500),Alerte,zone : Bassin de l'Allier (eaux superficielles)<br>arrêté valable du 23/09/2022 au 31/10/2022
Châtel-de-Neuvre (03500),Alerte renforcée,zone : Bassin de l'Allier (eaux superficielles)<br>arrêté valable du 09/09/2022 au 31/10/2022
Châtelperron (03220),Alerte renforcée,zone : Bassin de la Besbre (eaux superficielles)<br>arrêté valable du 23/09/2022 au 31/10/2022
Châtelperron (03220),Alerte renforcée,zone : Bassin de la Besbre (eaux superficielles)<br>arrêté valable du 09/09/2022 au 31/10/2022
Châtelus (03120),Alerte renforcée,zone : Bassin de la Besbre (eaux superficielles)<br>arrêté valable du 23/09/2022 au 31/10/2022
Châtelus (03120),Alerte renforcée,zone : Bassin de la Besbre (eaux superficielles)<br>arrêté valable du 09/09/2022 au 31/10/2022
Châtillon (03210),Alerte,zone : Bassin de l'Allier (eaux superficielles)<br>arrêté valable du 23/09/2022 au 31/10/2022
Châtillon (03210),Alerte renforcée,zone : Bassin de l'Allier (eaux superficielles)<br>arrêté valable du 09/09/2022 au 31/10/2022
Chézy (03230),Alerte renforcée,zone : Bassin de l'Acolin (eaux superficielles)<br>arrêté valable du 23/09/2022 au 31/10/2022
Chézy (03230),Alerte renforcée,zone : Bassin de l'Acolin (eaux superficielles)<br>arrêté valable du 09/09/2022 au 31/10/2022
Cindré (03220),Alerte renforcée,zone : Bassin de la Besbre (eaux superficielles)<br>arrêté valable du 23/09/2022 au 31/10/2022
Cindré (03220),Alerte renforcée,zone : Bassin de la Besbre (eaux superficielles)<br>arrêté valable du 09/09/2022 au 31/10/2022
Cognat-Lyonne (03110),Vigilance,zone : Bassin de l'Andelot (eaux superficielles)<br>arrêté valable du 23/09/2022 au 31/10/2022
Cognat-Lyonne (03110),Vigilance,zone : Bassin de l'Andelot (eaux superficielles)<br>arrêté valable du 09/09/2022 au 31/10/2022
Colombier (03600),Crise,zone : Bassin de l'Oeil et de l'Aumance (eaux superficielles)<br>arrêté valable du 23/09/2022 au 31/10/2022
Colombier (03600),Crise,zone : Bassin de l'Oeil et de l'Aumance (eaux superficielles)<br>arrêté valable du 09/09/2022 au 31/10/2022
Commentry (03600),Crise,zone : Bassin de l'Oeil et de l'Aumance (eaux superficielles)<br>arrêté valable du 23/09/2022 au 31/10/2022
Commentry (03600),Crise,zone : Bassin de l'Oeil et de l'Aumance (eaux superficielles)<br>arrêté valable du 09/09/2022 au 31/10/2022
Contigny (03500),Vigilance,zone : Bassin de la Sioule (eaux superficielles)<br>arrêté valable du 23/09/2022 au 31/10/2022
Contigny (03500),Vigilance,zone : Bassin de la Sioule (eaux superficielles)<br>arrêté valable du 09/09/2022 au 31/10/2022
Cosne-d'Allier (03430),Crise,zone : Bassin de l'Oeil et de l'Aumance (eaux superficielles)<br>arrêté valable du 23/09/2022 au 31/10/2022
Cosne-d'Allier (03430),Crise,zone : Bassin de l'Oeil et de l'Aumance (eaux superficielles)<br>arrêté valable du 09/09/2022 au 31/10/2022
Coulandon (03000),Alerte,zone : Bassin de l'Allier (eaux superficielles)<br>arrêté valable du 23/09/2022 au 31/10/2022
Coulandon (03000),Alerte renforcée,zone : Bassin de l'Allier (eaux superficielles)<br>arrêté valable du 09/09/2022 au 31/10/2022
Coulanges (03470),Alerte,zone : Bassin de la Loire (eaux superficielles)<br>arrêté valable du 23/09/2022 au 31/10/2022
Coulanges (03470),Alerte renforcée,zone : Bassin de la Loire (eaux superficielles)<br>arrêté valable du 09/09/2022 au 31/10/2022
Couleuvre (03320),Alerte,zone : Bassin de l'Allier (eaux superficielles)<br>arrêté valable du 23/09/2022 au 31/10/2022
Couleuvre (03320),Alerte renforcée,zone : Bassin de l'Allier (eaux superficielles)<br>arrêté valable du 09/09/2022 au 31/10/2022
Courçais (03370),Alerte renforcée,zone : Bassin du Cher (eaux superficielles)<br>arrêté valable du 23/09/2022 au 31/10/2022
Courçais (03370),Alerte renforcée,zone : Bassin du Cher (eaux superficielles)<br>arrêté valable du 09/09/2022 au 31/10/2022
Coutansouze (03330),Crise,zone : Bassin de la Bouble et du Boublon (eaux superficielles)<br>arrêté valable du 23/09/2022 au 31/10/2022
Coutansouze (03330),Crise,zone : Bassin de la Bouble et du Boublon (eaux superficielles)<br>arrêté valable du 09/09/2022 au 31/10/2022
Couzon (03160),Alerte,zone : Bassin de l'Allier (eaux superficielles)<br>arrêté valable du 23/09/2022 au 31/10/2022
Couzon (03160),Alerte renforcée,zone : Bassin de l'Allier (eaux superficielles)<br>arrêté valable du 09/09/2022 au 31/10/2022
Cressanges (03240),Alerte,zone : Bassin de l'Allier (eaux superficielles)<br>arrêté valable du 23/09/2022 au 31/10/2022
Cressanges (03240),Alerte renforcée,zone : Bassin de l'Allier (eaux superficielles)<br>arrêté valable du 09/09/2022 au 31/10/2022
Creuzier-le-Neuf (03300),Alerte,zone : Bassin de l'Allier (eaux superficielles)<br>arrêté valable du 23/09/2022 au 31/10/2022
Creuzier-le-Neuf (03300),Alerte renforcée,zone : Bassin de l'Allier (eaux superficielles)<br>arrêté valable du 09/09/2022 au 31/10/2022
Creuzier-le-Vieux (03300),Alerte,zone : Bassin de l'Allier (eaux superficielles)<br>arrêté valable du 23/09/2022 au 31/10/2022
Creuzier-le-Vieux (03300),Alerte renforcée,zone : Bassin de l'Allier (eaux superficielles)<br>arrêté valable du 09/09/2022 au 31/10/2022
Créchy (03150),Alerte,zone : Bassin de l'Allier (eaux superficielles)<br>arrêté valable du 23/09/2022 au 31/10/2022
Créchy (03150),Alerte renforcée,zone : Bassin de l'Allier (eaux superficielles)<br>arrêté valable du 09/09/2022 au 31/10/2022
Cusset (03300),Crise,zone : Bassin du Sichon (eaux superficielles)<br>arrêté valable du 23/09/2022 au 31/10/2022
Cusset (03300),Crise,zone : Bassin du Sichon (eaux superficielles)<br>arrêté valable du 09/09/2022 au 31/10/2022
Cérilly (03350),Alerte renforcée,zone : Bassin du Cher (eaux superficielles)<br>arrêté valable du 23/09/2022 au 31/10/2022
Cérilly (03350),Alerte renforcée,zone : Bassin du Cher (eaux superficielles)<br>arrêté valable du 09/09/2022 au 31/10/2022
Deneuille-les-Mines (03170),Crise,zone : Bassin de l'Oeil et de l'Aumance (eaux superficielles)<br>arrêté valable du 23/09/2022 au 31/10/2022
Deneuille-les-Mines (03170),Crise,zone : Bassin de l'Oeil et de l'Aumance (eaux superficielles)<br>arrêté valable du 09/09/2022 au 31/10/2022
Deneuille-lès-Chantelle (03140),Crise,zone : Bassin de la Bouble et du Boublon (eaux superficielles)<br>arrêté valable du 23/09/2022 au 31/10/2022
Deneuille-lès-Chantelle (03140),Crise,zone : Bassin de la Bouble et du Boublon (eaux superficielles)<br>arrêté valable du 09/09/2022 au 31/10/2022
Deux-Chaises (03240),Crise,zone : Bassin de la Bouble et du Boublon (eaux superficielles)<br>arrêté valable du 23/09/2022 au 31/10/2022
Deux-Chaises (03240),Crise,zone : Bassin de la Bouble et du Boublon (eaux superficielles)<br>arrêté valable du 09/09/2022 au 31/10/2022
Diou (03290),Alerte,zone : Bassin de la Loire (eaux superficielles)<br>arrêté valable du 23/09/2022 au 31/10/2022
Diou (03290),Alerte renforcée,zone : Bassin de la Loire (eaux superficielles)<br>arrêté valable du 09/09/2022 au 31/10/2022
Dompierre-sur-Besbre (03290),Alerte,zone : Bassin de la Loire (eaux superficielles)<br>arrêté valable du 23/09/2022 au 31/10/2022
Dompierre-sur-Besbre (03290),Alerte renforcée,zone : Bassin de la Loire (eaux superficielles)<br>arrêté valable du 09/09/2022 au 31/10/2022
Domérat (03410),Alerte renforcée,zone : Bassin du Cher (eaux superficielles)<br>arrêté valable du 23/09/2022 au 31/10/2022
Domérat (03410),Alerte renforcée,zone : Bassin du Cher (eaux superficielles)<br>arrêté valable du 09/09/2022 au 31/10/2022
Doyet (03170),Crise,zone : Bassin de l'Oeil et de l'Aumance (eaux superficielles)<br>arrêté valable du 23/09/2022 au 31/10/2022
Doyet (03170),Crise,zone : Bassin de l'Oeil et de l'Aumance (eaux superficielles)<br>arrêté valable du 09/09/2022 au 31/10/2022
Droiturier (03120),Alerte renforcée,zone : Bassin de la Besbre (eaux superficielles)<br>arrêté valable du 23/09/2022 au 31/10/2022
Droiturier (03120),Alerte renforcée,zone : Bassin de la Besbre (eaux superficielles)<br>arrêté valable du 09/09/2022 au 31/10/2022
Durdat-Larequille (03310),Alerte renforcée,zone : Bassin du Cher (eaux superficielles)<br>arrêté valable du 23/09/2022 au 31/10/2022
Durdat-Larequille (03310),Alerte renforcée,zone : Bassin du Cher (eaux superficielles)<br>arrêté valable du 09/09/2022 au 31/10/2022
Désertines (03630),Alerte renforcée,zone : Bassin du Cher (eaux superficielles)<br>arrêté valable du 23/09/2022 au 31/10/2022
Désertines (03630),Alerte renforcée,zone : Bassin du Cher (eaux superficielles)<br>arrêté valable du 09/09/2022 au 31/10/2022
Escurolles (03110),Vigilance,zone : Bassin de l'Andelot (eaux superficielles)<br>arrêté valable du 23/09/2022 au 31/10/2022
Escurolles (03110),Vigilance,zone : Bassin de l'Andelot (eaux superficielles)<br>arrêté valable du 09/09/2022 au 31/10/2022
Espinasse-Vozelle (03110),Alerte,zone : Bassin de l'Allier (eaux superficielles)<br>arrêté valable du 23/09/2022 au 31/10/2022
Espinasse-Vozelle (03110),Alerte renforcée,zone : Bassin de l'Allier (eaux superficielles)<br>arrêté valable du 09/09/2022 au 31/10/2022
Estivareilles (03190),Alerte renforcée,zone : Bassin du Cher (eaux superficielles)<br>arrêté valable du 23/09/2022 au 31/10/2022
Estivareilles (03190),Alerte renforcée,zone : Bassin du Cher (eaux superficielles)<br>arrêté valable du 09/09/2022 au 31/10/2022
Ferrières-sur-Sichon (03250),Crise,zone : Bassin du Sichon (eaux superficielles)<br>arrêté valable du 23/09/2022 au 31/10/2022
Ferrières-sur-Sichon (03250),Crise,zone : Bassin du Sichon (eaux superficielles)<br>arrêté valable du 09/09/2022 au 31/10/2022
Fleuriel (03140),Crise,zone : Bassin de la Bouble et du Boublon (eaux superficielles)<br>arrêté valable du 23/09/2022 au 31/10/2022
Fleuriel (03140),Crise,zone : Bassin de la Bouble et du Boublon (eaux superficielles)<br>arrêté valable du 09/09/2022 au 31/10/2022
Fourilles (03140),Crise,zone : Bassin de la Bouble et du Boublon (eaux superficielles)<br>arrêté valable du 23/09/2022 au 31/10/2022
Fourilles (03140),Crise,zone : Bassin de la Bouble et du Boublon (eaux superficielles)<br>arrêté valable du 09/09/2022 au 31/10/2022
Franchesse (03160),Alerte,zone : Bassin de l'Allier (eaux superficielles)<br>arrêté valable du 23/09/2022 au 31/10/2022
Franchesse (03160),Alerte renforcée,zone : Bassin de l'Allier (eaux superficielles)<br>arrêté valable du 09/09/2022 au 31/10/2022
Gannat (03800),Vigilance,zone : Bassin de l'Andelot (eaux superficielles)<br>arrêté valable du 23/09/2022 au 31/10/2022
Gannat (03800),Vigilance,zone : Bassin de l'Andelot (eaux superficielles)<br>arrêté valable du 09/09/2022 au 31/10/2022
Gannay-sur-Loire (03230),Alerte,zone : Bassin de la Loire (eaux superficielles)<br>arrêté valable du 23/09/2022 au 31/10/2022
Gannay-sur-Loire (03230),Alerte renforcée,zone : Bassin de la Loire (eaux superficielles)<br>arrêté valable du 09/09/2022 au 31/10/2022
Garnat-sur-Engièvre (03230),Alerte,zone : Bassin de la Loire (eaux superficielles)<br>arrêté valable du 23/09/2022 au 31/10/2022
Garnat-sur-Engièvre (03230),Alerte renforcée,zone : Bassin de la Loire (eaux superficielles)<br>arrêté valable du 09/09/2022 au 31/10/2022
Gennetines (03400),Alerte renforcée,zone : Bassin de l'Acolin (eaux superficielles)<br>arrêté valable du 23/09/2022 au 31/10/2022
Gennetines (03400),Alerte renforcée,zone : Bassin de l'Acolin (eaux superficielles)<br>arrêté valable du 09/09/2022 au 31/10/2022
Gipcy (03210),Alerte,zone : Bassin de l'Allier (eaux superficielles)<br>arrêté valable du 23/09/2022 au 31/10/2022
Gipcy (03210),Alerte renforcée,zone : Bassin de l'Allier (eaux superficielles)<br>arrêté valable du 09/09/2022 au 31/10/2022
Gouise (03340),Alerte,zone : Bassin de l'Allier (eaux superficielles)<br>arrêté valable du 23/09/2022 au 31/10/2022
Gouise (03340),Alerte renforcée,zone : Bassin de l'Allier (eaux superficielles)<br>arrêté valable du 09/09/2022 au 31/10/2022
Haut-Bocage (03190),Crise,zone : Bassin de l'Oeil et de l'Aumance (eaux superficielles)<br>arrêté valable du 23/09/2022 au 31/10/2022
Haut-Bocage (03190),Crise,zone : Bassin de l'Oeil et de l'Aumance (eaux superficielles)<br>arrêté valable du 09/09/2022 au 31/10/2022
Hauterive (03270),Alerte,zone : Bassin de l'Allier (eaux superficielles)<br>arrêté valable du 23/09/2022 au 31/10/2022
Hauterive (03270),Alerte renforcée,zone : Bassin de l'Allier (eaux superficielles)<br>arrêté valable du 09/09/2022 au 31/10/2022
Huriel (03380),Alerte renforcée,zone : Bassin du Cher (eaux superficielles)<br>arrêté valable du 23/09/2022 au 31/10/2022
Huriel (03380),Alerte renforcée,zone : Bassin du Cher (eaux superficielles)<br>arrêté valable du 09/09/2022 au 31/10/2022
Hyds (03600),Crise,zone : Bassin de l'Oeil et de l'Aumance (eaux superficielles)<br>arrêté valable du 23/09/2022 au 31/10/2022
Hyds (03600),Crise,zone : Bassin de l'Oeil et de l'Aumance (eaux superficielles)<br>arrêté valable du 09/09/2022 au 31/10/2022
Hérisson (03190),Crise,zone : Bassin de l'Oeil et de l'Aumance (eaux superficielles)<br>arrêté valable du 23/09/2022 au 31/10/2022
Hérisson (03190),Crise,zone : Bassin de l'Oeil et de l'Aumance (eaux superficielles)<br>arrêté valable du 09/09/2022 au 31/10/2022
Isle-et-Bardais (03360),Alerte renforcée,zone : Bassin du Cher (eaux superficielles)<br>arrêté valable du 23/09/2022 au 31/10/2022
Isle-et-Bardais (03360),Alerte renforcée,zone : Bassin du Cher (eaux superficielles)<br>arrêté valable du 09/09/2022 au 31/10/2022
Isserpent (03120),Alerte,zone : Bassin de l'Allier (eaux superficielles)<br>arrêté valable du 23/09/2022 au 31/10/2022
Isserpent (03120),Alerte renforcée,zone : Bassin de l'Allier (eaux superficielles)<br>arrêté valable du 09/09/2022 au 31/10/2022
Jaligny-sur-Besbre (03220),Alerte renforcée,zone : Bassin de la Besbre (eaux superficielles)<br>arrêté valable du 23/09/2022 au 31/10/2022
Jaligny-sur-Besbre (03220),Alerte renforcée,zone : Bassin de la Besbre (eaux superficielles)<br>arrêté valable du 09/09/2022 au 31/10/2022
Jenzat (03800),Vigilance,zone : Bassin de la Sioule (eaux superficielles)<br>arrêté valable du 23/09/2022 au 31/10/2022
Jenzat (03800),Vigilance,zone : Bassin de la Sioule (eaux superficielles)<br>arrêté valable du 09/09/2022 au 31/10/2022
La Celle (03600),Crise,zone : Bassin de l'Oeil et de l'Aumance (eaux superficielles)<br>arrêté valable du 23/09/2022 au 31/10/2022
La Celle (03600),Crise,zone : Bassin de l'Oeil et de l'Aumance (eaux superficielles)<br>arrêté valable du 09/09/2022 au 31/10/2022
La Chabanne (03250),Alerte renforcée,zone : Bassin de la Besbre (eaux superficielles)<br>arrêté valable du 23/09/2022 au 31/10/2022
La Chabanne (03250),Alerte renforcée,zone : Bassin de la Besbre (eaux superficielles)<br>arrêté valable du 09/09/2022 au 31/10/2022
La Chapelaude (03380),Alerte renforcée,zone : Bassin du Cher (eaux superficielles)<br>arrêté valable du 23/09/2022 au 31/10/2022
La Chapelaude (03380),Alerte renforcée,zone : Bassin du Cher (eaux superficielles)<br>arrêté valable du 09/09/2022 au 31/10/2022
La Chapelle (03300),Crise,zone : Bassin du Sichon (eaux superficielles)<br>arrêté valable du 23/09/2022 au 31/10/2022
La Chapelle (03300),Crise,zone : Bassin du Sichon (eaux superficielles)<br>arrêté valable du 09/09/2022 au 31/10/2022
La Chapelle-aux-Chasses (03230),Alerte renforcée,zone : Bassin de l'Acolin (eaux superficielles)<br>arrêté valable du 23/09/2022 au 31/10/2022
La Chapelle-aux-Chasses (03230),Alerte renforcée,zone : Bassin de l'Acolin (eaux superficielles)<br>arrêté valable du 09/09/2022 au 31/10/2022
La Ferté-Hauterive (03340),Alerte,zone : Bassin de l'Allier (eaux superficielles)<br>arrêté valable du 23/09/2022 au 31/10/2022
La Ferté-Hauterive (03340),Alerte renforcée,zone : Bassin de l'Allier (eaux superficielles)<br>arrêté valable du 09/09/2022 au 31/10/2022
La Guillermie (03250),Crise,zone : Bassin du Sichon (eaux superficielles)<br>arrêté valable du 23/09/2022 au 31/10/2022
La Guillermie (03250),Crise,zone : Bassin du Sichon (eaux superficielles)<br>arrêté valable du 09/09/2022 au 31/10/2022
La Petite-Marche (03420),Alerte renforcée,zone : Bassin du Cher (eaux superficielles)<br>arrêté valable du 23/09/2022 au 31/10/2022
La Petite-Marche (03420),Alerte renforcée,zone : Bassin du Cher (eaux superficielles)<br>arrêté valable du 09/09/2022 au 31/10/2022
Laféline (03500),Vigilance,zone : Bassin de la Sioule (eaux superficielles)<br>arrêté valable du 23/09/2022 au 31/10/2022
Laféline (03500),Vigilance,zone : Bassin de la Sioule (eaux superficielles)<br>arrêté valable du 09/09/2022 au 31/10/2022
Lalizolle (03450),Vigilance,zone : Bassin de la Sioule (eaux superficielles)<br>arrêté valable du 23/09/2022 au 31/10/2022
Lalizolle (03450),Vigilance,zone : Bassin de la Sioule (eaux superficielles)<br>arrêté valable du 09/09/2022 au 31/10/2022
Lamaids (03380),Alerte renforcée,zone : Bassin du Cher (eaux superficielles)<br>arrêté valable du 23/09/2022 au 31/10/2022
Lamaids (03380),Alerte renforcée,zone : Bassin du Cher (eaux superficielles)<br>arrêté valable du 09/09/2022 au 31/10/2022
Langy (03150),Alerte,zone : Bassin de l'Allier (eaux superficielles)<br>arrêté valable du 23/09/2022 au 31/10/2022
Langy (03150),Alerte renforcée,zone : Bassin de l'Allier (eaux superficielles)<br>arrêté valable du 09/09/2022 au 31/10/2022
Lapalisse (03120),Alerte renforcée,zone : Bassin de la Besbre (eaux superficielles)<br>arrêté valable du 23/09/2022 au 31/10/2022
Lapalisse (03120),Alerte renforcée,zone : Bassin de la Besbre (eaux superficielles)<br>arrêté valable du 09/09/2022 au 31/10/2022
Laprugne (03250),Alerte renforcée,zone : Bassin de la Besbre (eaux superficielles)<br>arrêté valable du 23/09/2022 au 31/10/2022
Laprugne (03250),Alerte renforcée,zone : Bassin de la Besbre (eaux superficielles)<br>arrêté valable du 09/09/2022 au 31/10/2022
Lavault-Sainte-Anne (03100),Alerte renforcée,zone : Bassin du Cher (eaux superficielles)<br>arrêté valable du 23/09/2022 au 31/10/2022
Lavault-Sainte-Anne (03100),Alerte renforcée,zone : Bassin du Cher (eaux superficielles)<br>arrêté valable du 09/09/2022 au 31/10/2022
Lavoine (03250),Crise,zone : Bassin du Sichon (eaux superficielles)<br>arrêté valable du 23/09/2022 au 31/10/2022
Lavoine (03250),Crise,zone : Bassin du Sichon (eaux superficielles)<br>arrêté valable du 09/09/2022 au 31/10/2022
Le Bouchaud (03130),Alerte,zone : Bassin de la Loire (eaux superficielles)<br>arrêté valable du 23/09/2022 au 31/10/2022
Le Bouchaud (03130),Alerte renforcée,zone : Bassin de la Loire (eaux superficielles)<br>arrêté valable du 09/09/2022 au 31/10/2022
Le Brethon (03350),Crise,zone : Bassin de l'Oeil et de l'Aumance (eaux superficielles)<br>arrêté valable du 23/09/2022 au 31/10/2022
Le Brethon (03350),Crise,zone : Bassin de l'Oeil et de l'Aumance (eaux superficielles)<br>arrêté valable du 09/09/2022 au 31/10/2022
Le Breuil (03120),Alerte renforcée,zone : Bassin de la Besbre (eaux superficielles)<br>arrêté valable du 23/09/2022 au 31/10/2022
Le Breuil (03120),Alerte renforcée,zone : Bassin de la Besbre (eaux superficielles)<br>arrêté valable du 09/09/2022 au 31/10/2022
Le Donjon (03130),Alerte,zone : Bassin de la Loire (eaux superficielles)<br>arrêté valable du 23/09/2022 au 31/10/2022
Le Donjon (03130),Alerte renforcée,zone : Bassin de la Loire (eaux superficielles)<br>arrêté valable du 09/09/2022 au 31/10/2022
Le Mayet-d'École (03800),Vigilance,zone : Bassin de l'Andelot (eaux superficielles)<br>arrêté valable du 23/09/2022 au 31/10/2022
Le Mayet-d'École (03800),Vigilance,zone : Bassin de l'Andelot (eaux superficielles)<br>arrêté valable du 09/09/2022 au 31/10/2022
Le Mayet-de-Montagne (03250),Crise,zone : Bassin du Sichon (eaux superficielles)<br>arrêté valable du 23/09/2022 au 31/10/2022
Le Mayet-de-Montagne (03250),Crise,zone : Bassin du Sichon (eaux superficielles)<br>arrêté valable du 09/09/2022 au 31/10/2022
Le Montet (03240),Crise,zone : Bassin de la Bouble et du Boublon (eaux superficielles)<br>arrêté valable du 23/09/2022 au 31/10/2022
Le Montet (03240),Crise,zone : Bassin de la Bouble et du Boublon (eaux superficielles)<br>arrêté valable du 09/09/2022 au 31/10/2022
Le Pin (03130),Alerte,zone : Bassin de la Loire (eaux superficielles)<br>arrêté valable du 23/09/2022 au 31/10/2022
Le Pin (03130),Alerte renforcée,zone : Bassin de la Loire (eaux superficielles)<br>arrêté valable du 09/09/2022 au 31/10/2022
Le Theil (03240),Vigilance,zone : Bassin de la Sioule (eaux superficielles)<br>arrêté valable du 23/09/2022 au 31/10/2022
Le Theil (03240),Vigilance,zone : Bassin de la Sioule (eaux superficielles)<br>arrêté valable du 09/09/2022 au 31/10/2022
Le Vernet (03200),Crise,zone : Bassin du Sichon (eaux superficielles)<br>arrêté valable du 23/09/2022 au 31/10/2022
Le Vernet (03200),Crise,zone : Bassin du Sichon (eaux superficielles)<br>arrêté valable du 09/09/2022 au 31/10/2022
Le Veurdre (03320),Alerte,zone : Bassin de l'Allier (eaux superficielles)<br>arrêté valable du 23/09/2022 au 31/10/2022
Le Veurdre (03320),Alerte renforcée,zone : Bassin de l'Allier (eaux superficielles)<br>arrêté valable du 09/09/2022 au 31/10/2022
Le Vilhain (03350),Crise,zone : Bassin de l'Oeil et de l'Aumance (eaux superficielles)<br>arrêté valable du 23/09/2022 au 31/10/2022
Le Vilhain (03350),Crise,zone : Bassin de l'Oeil et de l'Aumance (eaux superficielles)<br>arrêté valable du 09/09/2022 au 31/10/2022
Lenax (03130),Alerte,zone : Bassin de la Loire (eaux superficielles)<br>arrêté valable du 23/09/2022 au 31/10/2022
Lenax (03130),Alerte renforcée,zone : Bassin de la Loire (eaux superficielles)<br>arrêté valable du 09/09/2022 au 31/10/2022
Liernolles (03130),Alerte,zone : Bassin de la Loire (eaux superficielles)<br>arrêté valable du 23/09/2022 au 31/10/2022
Liernolles (03130),Alerte renforcée,zone : Bassin de la Loire (eaux superficielles)<br>arrêté valable du 09/09/2022 au 31/10/2022
Lignerolles (03410),Alerte renforcée,zone : Bassin du Cher (eaux superficielles)<br>arrêté valable du 23/09/2022 au 31/10/2022
Lignerolles (03410),Alerte renforcée,zone : Bassin du Cher (eaux superficielles)<br>arrêté valable du 09/09/2022 au 31/10/2022
Limoise (03320),Alerte,zone : Bassin de l'Allier (eaux superficielles)<br>arrêté valable du 23/09/2022 au 31/10/2022
Limoise (03320),Alerte renforcée,zone : Bassin de l'Allier (eaux superficielles)<br>arrêté valable du 09/09/2022 au 31/10/2022
Loddes (03130),Alerte,zone : Bassin de la Loire (eaux superficielles)<br>arrêté valable du 23/09/2022 au 31/10/2022
Loddes (03130),Alerte renforcée,zone : Bassin de la Loire (eaux superficielles)<br>arrêté valable du 09/09/2022 au 31/10/2022
Loriges (03500),Vigilance,zone : Bassin de l'Andelot (eaux superficielles)<br>arrêté valable du 23/09/2022 au 31/10/2022
Loriges (03500),Vigilance,zone : Bassin de l'Andelot (eaux superficielles)<br>arrêté valable du 09/09/2022 au 31/10/2022
Louchy-Montfand (03500),Vigilance,zone : Bassin de la Sioule (eaux superficielles)<br>arrêté valable du 23/09/2022 au 31/10/2022
Louchy-Montfand (03500),Vigilance,zone : Bassin de la Sioule (eaux superficielles)<br>arrêté valable du 09/09/2022 au 31/10/2022
Louroux-Bourbonnais (03350),Crise,zone : Bassin de l'Oeil et de l'Aumance (eaux superficielles)<br>arrêté valable du 23/09/2022 au 31/10/2022
Louroux-Bourbonnais (03350),Crise,zone : Bassin de l'Oeil et de l'Aumance (eaux superficielles)<br>arrêté valable du 09/09/2022 au 31/10/2022
Louroux-de-Beaune (03600),Crise,zone : Bassin de l'Oeil et de l'Aumance (eaux superficielles)<br>arrêté valable du 23/09/2022 au 31/10/2022
Louroux-de-Beaune (03600),Crise,zone : Bassin de l'Oeil et de l'Aumance (eaux superficielles)<br>arrêté valable du 09/09/2022 au 31/10/2022
Louroux-de-Bouble (03330),Crise,zone : Bassin de la Bouble et du Boublon (eaux superficielles)<br>arrêté valable du 23/09/2022 au 31/10/2022
Louroux-de-Bouble (03330),Crise,zone : Bassin de la Bouble et du Boublon (eaux superficielles)<br>arrêté valable du 09/09/2022 au 31/10/2022
Luneau (03130),Alerte,zone : Bassin de la Loire (eaux superficielles)<br>arrêté valable du 23/09/2022 au 31/10/2022
Luneau (03130),Alerte renforcée,zone : Bassin de la Loire (eaux superficielles)<br>arrêté valable du 09/09/2022 au 31/10/2022
Lurcy-Lévis (03320),Alerte,zone : Bassin de l'Allier (eaux superficielles)<br>arrêté valable du 23/09/2022 au 31/10/2022
Lurcy-Lévis (03320),Alerte renforcée,zone : Bassin de l'Allier (eaux superficielles)<br>arrêté valable du 09/09/2022 au 31/10/2022
Lusigny (03230),Alerte renforcée,zone : Bassin de l'Acolin (eaux superficielles)<br>arrêté valable du 23/09/2022 au 31/10/2022
Lusigny (03230),Alerte renforcée,zone : Bassin de l'Acolin (eaux superficielles)<br>arrêté valable du 09/09/2022 au 31/10/2022
Lételon (03360),Alerte renforcée,zone : Bassin du Cher (eaux superficielles)<br>arrêté valable du 23/09/2022 au 31/10/2022
Lételon (03360),Alerte renforcée,zone : Bassin du Cher (eaux superficielles)<br>arrêté valable du 09/09/2022 au 31/10/2022
Magnet (03260),Alerte,zone : Bassin de l'Allier (eaux superficielles)<br>arrêté valable du 23/09/2022 au 31/10/2022
Magnet (03260),Alerte renforcée,zone : Bassin de l'Allier (eaux superficielles)<br>arrêté valable du 09/09/2022 au 31/10/2022
Malicorne (03600),Crise,zone : Bassin de l'Oeil et de l'Aumance (eaux superficielles)<br>arrêté valable du 23/09/2022 au 31/10/2022
Malicorne (03600),Crise,zone : Bassin de l'Oeil et de l'Aumance (eaux superficielles)<br>arrêté valable du 09/09/2022 au 31/10/2022
Marcenat (03260),Alerte,zone : Bassin de l'Allier (eaux superficielles)<br>arrêté valable du 23/09/2022 au 31/10/2022
Marcenat (03260),Alerte renforcée,zone : Bassin de l'Allier (eaux superficielles)<br>arrêté valable du 09/09/2022 au 31/10/2022
Marcillat-en-Combraille (03420),Crise,zone : Bassin du Cher (en amont de Chambonchard) (eaux superficielles)<br>arrêté valable du 23/09/2022 au 31/10/2022
Marcillat-en-Combraille (03420),Crise,zone : Bassin du Cher (en amont de Chambonchard) (eaux superficielles)<br>arrêté valable du 09/09/2022 au 31/10/2022
Marigny (03210),Alerte,zone : Bassin de l'Allier (eaux superficielles)<br>arrêté valable du 23/09/2022 au 31/10/2022
Marigny (03210),Alerte renforcée,zone : Bassin de l'Allier (eaux superficielles)<br>arrêté valable du 09/09/2022 au 31/10/2022
Mariol (03270),Alerte,zone : Bassin de l'Allier (eaux superficielles)<br>arrêté valable du 23/09/2022 au 31/10/2022
Mariol (03270),Alerte renforcée,zone : Bassin de l'Allier (eaux superficielles)<br>arrêté valable du 09/09/2022 au 31/10/2022
Mazerier (03800),Vigilance,zone : Bassin de la Sioule (eaux superficielles)<br>arrêté valable du 23/09/2022 au 31/10/2022
Mazerier (03800),Vigilance,zone : Bassin de la Sioule (eaux superficielles)<br>arrêté valable du 09/09/2022 au 31/10/2022
Mazirat (03420),Alerte renforcée,zone : Bassin du Cher (eaux superficielles)<br>arrêté valable du 23/09/2022 au 31/10/2022
Mazirat (03420),Alerte renforcée,zone : Bassin du Cher (eaux superficielles)<br>arrêté valable du 09/09/2022 au 31/10/2022
Meaulne-Vitray (03360),Alerte renforcée,zone : Bassin du Cher (eaux superficielles)<br>arrêté valable du 23/09/2022 au 31/10/2022
Meaulne-Vitray (03360),Alerte renforcée,zone : Bassin du Cher (eaux superficielles)<br>arrêté valable du 09/09/2022 au 31/10/2022
Meillard (03500),Alerte,zone : Bassin de l'Allier (eaux superficielles)<br>arrêté valable du 23/09/2022 au 31/10/2022
Meillard (03500),Alerte renforcée,zone : Bassin de l'Allier (eaux superficielles)<br>arrêté valable du 09/09/2022 au 31/10/2022
Meillers (03210),Alerte,zone : Bassin de l'Allier (eaux superficielles)<br>arrêté valable du 23/09/2022 au 31/10/2022
Meillers (03210),Alerte renforcée,zone : Bassin de l'Allier (eaux superficielles)<br>arrêté valable du 09/09/2022 au 31/10/2022
Mercy (03340),Alerte renforcée,zone : Bassin de l'Acolin (eaux superficielles)<br>arrêté valable du 23/09/2022 au 31/10/2022
Mercy (03340),Alerte renforcée,zone : Bassin de l'Acolin (eaux superficielles)<br>arrêté valable du 09/09/2022 au 31/10/2022
Mesples (03370),Alerte renforcée,zone : Bassin du Cher (eaux superficielles)<br>arrêté valable du 23/09/2022 au 31/10/2022
Mesples (03370),Alerte renforcée,zone : Bassin du Cher (eaux superficielles)<br>arrêté valable du 09/09/2022 au 31/10/2022
Molinet (03510),Alerte,zone : Bassin de la Loire (eaux superficielles)<br>arrêté valable du 23/09/2022 au 31/10/2022
Molinet (03510),Alerte renforcée,zone : Bassin de la Loire (eaux superficielles)<br>arrêté valable du 09/09/2022 au 31/10/2022
Molles (03300),Crise,zone : Bassin du Sichon (eaux superficielles)<br>arrêté valable du 23/09/2022 au 31/10/2022
Molles (03300),Crise,zone : Bassin du Sichon (eaux superficielles)<br>arrêté valable du 09/09/2022 au 31/10/2022
Monestier (03140),Crise,zone : Bassin de la Bouble et du Boublon (eaux superficielles)<br>arrêté valable du 23/09/2022 au 31/10/2022
Monestier (03140),Crise,zone : Bassin de la Bouble et du Boublon (eaux superficielles)<br>arrêté valable du 09/09/2022 au 31/10/2022
Montaigu-le-Blin (03150),Alerte,zone : Bassin de l'Allier (eaux superficielles)<br>arrêté valable du 23/09/2022 au 31/10/2022
Montaigu-le-Blin (03150),Alerte renforcée,zone : Bassin de l'Allier (eaux superficielles)<br>arrêté valable du 09/09/2022 au 31/10/2022
Montaiguët-en-Forez (03130),Alerte,zone : Bassin de la Loire (eaux superficielles)<br>arrêté valable du 23/09/2022 au 31/10/2022
Montaiguët-en-Forez (03130),Alerte renforcée,zone : Bassin de la Loire (eaux superficielles)<br>arrêté valable du 09/09/2022 au 31/10/2022
Montbeugny (03340),Alerte renforcée,zone : Bassin de l'Acolin (eaux superficielles)<br>arrêté valable du 23/09/2022 au 31/10/2022
Montbeugny (03340),Alerte renforcée,zone : Bassin de l'Acolin (eaux superficielles)<br>arrêté valable du 09/09/2022 au 31/10/2022
Montcombroux-les-Mines (03130),Alerte,zone : Bassin de la Loire (eaux superficielles)<br>arrêté valable du 23/09/2022 au 31/10/2022
Montcombroux-les-Mines (03130),Alerte renforcée,zone : Bassin de la Loire (eaux superficielles)<br>arrêté valable du 09/09/2022 au 31/10/2022
Monteignet-sur-l'Andelot (03800),Vigilance,zone : Bassin de l'Andelot (eaux superficielles)<br>arrêté valable du 23/09/2022 au 31/10/2022
Monteignet-sur-l'Andelot (03800),Vigilance,zone : Bassin de l'Andelot (eaux superficielles)<br>arrêté valable du 09/09/2022 au 31/10/2022
Montilly (03000),Alerte,zone : Bassin de l'Allier (eaux superficielles)<br>arrêté valable du 23/09/2022 au 31/10/2022
Montilly (03000),Alerte renforcée,zone : Bassin de l'Allier (eaux superficielles)<br>arrêté valable du 09/09/2022 au 31/10/2022
Montluçon (03100),Alerte renforcée,zone : Bassin du Cher (eaux superficielles)<br>arrêté valable du 23/09/2022 au 31/10/2022
Montluçon (03100),Alerte renforcée,zone : Bassin du Cher (eaux superficielles)<br>arrêté valable du 09/09/2022 au 31/10/2022
Montmarault (03390),Crise,zone : Bassin de l'Oeil et de l'Aumance (eaux superficielles)<br>arrêté valable du 23/09/2022 au 31/10/2022
Montmarault (03390),Crise,zone : Bassin de l'Oeil et de l'Aumance (eaux superficielles)<br>arrêté valable du 09/09/2022 au 31/10/2022
Montoldre (03150),Alerte,zone : Bassin de l'Allier (eaux superficielles)<br>arrêté valable du 23/09/2022 au 31/10/2022
Montoldre (03150),Alerte renforcée,zone : Bassin de l'Allier (eaux superficielles)<br>arrêté valable du 09/09/2022 au 31/10/2022
Montord (03500),Vigilance,zone : Bassin de la Sioule (eaux superficielles)<br>arrêté valable du 23/09/2022 au 31/10/2022
Montord (03500),Vigilance,zone : Bassin de la Sioule (eaux superficielles)<br>arrêté valable du 09/09/2022 au 31/10/2022
Montvicq (03170),Crise,zone : Bassin de l'Oeil et de l'Aumance (eaux superficielles)<br>arrêté valable du 23/09/2022 au 31/10/2022
Montvicq (03170),Crise,zone : Bassin de l'Oeil et de l'Aumance (eaux superficielles)<br>arrêté valable du 09/09/2022 au 31/10/2022
Monétay-sur-Allier (03500),Alerte,zone : Bassin de l'Allier (eaux superficielles)<br>arrêté valable du 23/09/2022 au 31/10/2022
Monétay-sur-Allier (03500),Alerte renforcée,zone : Bassin de l'Allier (eaux superficielles)<br>arrêté valable du 09/09/2022 au 31/10/2022
Monétay-sur-Loire (03470),Alerte,zone : Bassin de la Loire (eaux superficielles)<br>arrêté valable du 23/09/2022 au 31/10/2022
Monétay-sur-Loire (03470),Alerte renforcée,zone : Bassin de la Loire (eaux superficielles)<br>arrêté valable du 09/09/2022 au 31/10/2022
Moulins (03000),Alerte,zone : Bassin de l'Allier (eaux superficielles)<br>arrêté valable du 23/09/2022 au 31/10/2022
Moulins (03000),Alerte renforcée,zone : Bassin de l'Allier (eaux superficielles)<br>arrêté valable du 09/09/2022 au 31/10/2022
Murat (03390),Crise,zone : Bassin de l'Oeil et de l'Aumance (eaux superficielles)<br>arrêté valable du 23/09/2022 au 31/10/2022
Murat (03390),Crise,zone : Bassin de l'Oeil et de l'Aumance (eaux superficielles)<br>arrêté valable du 09/09/2022 au 31/10/2022
Nades (03450),Vigilance,zone : Bassin de la Sioule (eaux superficielles)<br>arrêté valable du 23/09/2022 au 31/10/2022
Nades (03450),Vigilance,zone : Bassin de la Sioule (eaux superficielles)<br>arrêté valable du 09/09/2022 au 31/10/2022
Nassigny (03190),Alerte renforcée,zone : Bassin du Cher (eaux superficielles)<br>arrêté valable du 23/09/2022 au 31/10/2022
Nassigny (03190),Alerte renforcée,zone : Bassin du Cher (eaux superficielles)<br>arrêté valable du 09/09/2022 au 31/10/2022
Naves (03330),Crise,zone : Bassin de la Bouble et du Boublon (eaux superficielles)<br>arrêté valable du 23/09/2022 au 31/10/2022
Naves (03330),Crise,zone : Bassin de la Bouble et du Boublon (eaux superficielles)<br>arrêté valable du 09/09/2022 au 31/10/2022
Neuilly-en-Donjon (03130),Alerte,zone : Bassin de la Loire (eaux superficielles)<br>arrêté valable du 23/09/2022 au 31/10/2022
Neuilly-en-Donjon (03130),Alerte renforcée,zone : Bassin de la Loire (eaux superficielles)<br>arrêté valable du 09/09/2022 au 31/10/2022
Neuilly-le-Réal (03340),Alerte,zone : Bassin de l'Allier (eaux superficielles)<br>arrêté valable du 23/09/2022 au 31/10/2022
Neuilly-le-Réal (03340),Alerte renforcée,zone : Bassin de l'Allier (eaux superficielles)<br>arrêté valable du 09/09/2022 au 31/10/2022
Neure (03320),Alerte,zone : Bassin de l'Allier (eaux superficielles)<br>arrêté valable du 23/09/2022 au 31/10/2022
Neure (03320),Alerte renforcée,zone : Bassin de l'Allier (eaux superficielles)<br>arrêté valable du 09/09/2022 au 31/10/2022
Neuvy (03000),Alerte,zone : Bassin de l'Allier (eaux superficielles)<br>arrêté valable du 23/09/2022 au 31/10/2022
Neuvy (03000),Alerte renforcée,zone : Bassin de l'Allier (eaux superficielles)<br>arrêté valable du 09/09/2022 au 31/10/2022
Nizerolles (03250),Crise,zone : Bassin du Sichon (eaux superficielles)<br>arrêté valable du 23/09/2022 au 31/10/2022
Nizerolles (03250),Crise,zone : Bassin du Sichon (eaux superficielles)<br>arrêté valable du 09/09/2022 au 31/10/2022
Noyant-d'Allier (03210),Alerte,zone : Bassin de l'Allier (eaux superficielles)<br>arrêté valable du 23/09/2022 au 31/10/2022
Noyant-d'Allier (03210),Alerte renforcée,zone : Bassin de l'Allier (eaux superficielles)<br>arrêté valable du 09/09/2022 au 31/10/2022
Néris-les-Bains (03310),Alerte renforcée,zone : Bassin du Cher (eaux superficielles)<br>arrêté valable du 23/09/2022 au 31/10/2022
Néris-les-Bains (03310),Alerte renforcée,zone : Bassin du Cher (eaux superficielles)<br>arrêté valable du 09/09/2022 au 31/10/2022
Paray-le-Frésil (03230),Alerte,zone : Bassin de la Loire (eaux superficielles)<br>arrêté valable du 23/09/2022 au 31/10/2022
Paray-le-Frésil (03230),Alerte renforcée,zone : Bassin de la Loire (eaux superficielles)<br>arrêté valable du 09/09/2022 au 31/10/2022
Paray-sous-Briailles (03500),Alerte,zone : Bassin de l'Allier (eaux superficielles)<br>arrêté valable du 23/09/2022 au 31/10/2022
Paray-sous-Briailles (03500),Alerte renforcée,zone : Bassin de l'Allier (eaux superficielles)<br>arrêté valable du 09/09/2022 au 31/10/2022
Pierrefitte-sur-Loire (03470),Alerte,zone : Bassin de la Loire (eaux superficielles)<br>arrêté valable du 23/09/2022 au 31/10/2022
Pierrefitte-sur-Loire (03470),Alerte renforcée,zone : Bassin de la Loire (eaux superficielles)<br>arrêté valable du 09/09/2022 au 31/10/2022
Pouzy-Mésangy (03320),Alerte,zone : Bassin de l'Allier (eaux superficielles)<br>arrêté valable du 23/09/2022 au 31/10/2022
Pouzy-Mésangy (03320),Alerte renforcée,zone : Bassin de l'Allier (eaux superficielles)<br>arrêté valable du 09/09/2022 au 31/10/2022
Poëzat (03800),Vigilance,zone : Bassin de l'Andelot (eaux superficielles)<br>arrêté valable du 23/09/2022 au 31/10/2022
Poëzat (03800),Vigilance,zone : Bassin de l'Andelot (eaux superficielles)<br>arrêté valable du 09/09/2022 au 31/10/2022
Prémilhat (03410),Alerte renforcée,zone : Bassin du Cher (eaux superficielles)<br>arrêté valable du 23/09/2022 au 31/10/2022
Prémilhat (03410),Alerte renforcée,zone : Bassin du Cher (eaux superficielles)<br>arrêté valable du 09/09/2022 au 31/10/2022
Périgny (03120),Alerte,zone : Bassin de l'Allier (eaux superficielles)<br>arrêté valable du 23/09/2022 au 31/10/2022
Périgny (03120),Alerte renforcée,zone : Bassin de l'Allier (eaux superficielles)<br>arrêté valable du 09/09/2022 au 31/10/2022
Quinssaines (03380),Alerte renforcée,zone : Bassin du Cher (eaux superficielles)<br>arrêté valable du 23/09/2022 au 31/10/2022
Quinssaines (03380),Alerte renforcée,zone : Bassin du Cher (eaux superficielles)<br>arrêté valable du 09/09/2022 au 31/10/2022
Reugny (03190),Alerte renforcée,zone : Bassin du Cher (eaux superficielles)<br>arrêté valable du 23/09/2022 au 31/10/2022
Reugny (03190),Alerte renforcée,zone : Bassin du Cher (eaux superficielles)<br>arrêté valable du 09/09/2022 au 31/10/2022
Rocles (03240),Crise,zone : Bassin de l'Oeil et de l'Aumance (eaux superficielles)<br>arrêté valable du 23/09/2022 au 31/10/2022
Rocles (03240),Crise,zone : Bassin de l'Oeil et de l'Aumance (eaux superficielles)<br>arrêté valable du 09/09/2022 au 31/10/2022
Rongères (03150),Alerte,zone : Bassin de l'Allier (eaux superficielles)<br>arrêté valable du 23/09/2022 au 31/10/2022
Rongères (03150),Alerte renforcée,zone : Bassin de l'Allier (eaux superficielles)<br>arrêté valable du 09/09/2022 au 31/10/2022
Ronnet (03420),Crise,zone : Bassin du Cher (en amont de Chambonchard) (eaux superficielles)<br>arrêté valable du 23/09/2022 au 31/10/2022
Ronnet (03420),Crise,zone : Bassin du Cher (en amont de Chambonchard) (eaux superficielles)<br>arrêté valable du 09/09/2022 au 31/10/2022
Saint-Angel (03170),Alerte renforcée,zone : Bassin du Cher (eaux superficielles)<br>arrêté valable du 23/09/2022 au 31/10/2022
Saint-Angel (03170),Alerte renforcée,zone : Bassin du Cher (eaux superficielles)<br>arrêté valable du 09/09/2022 au 31/10/2022
Saint-Aubin-le-Monial (03160),Crise,zone : Bassin de l'Oeil et de l'Aumance (eaux superficielles)<br>arrêté valable du 23/09/2022 au 31/10/2022
Saint-Aubin-le-Monial (03160),Crise,zone : Bassin de l'Oeil et de l'Aumance (eaux superficielles)<br>arrêté valable du 09/09/2022 au 31/10/2022
Saint-Bonnet-Tronçais (03360),Alerte renforcée,zone : Bassin du Cher (eaux superficielles)<br>arrêté valable du 23/09/2022 au 31/10/2022
Saint-Bonnet-Tronçais (03360),Alerte renforcée,zone : Bassin du Cher (eaux superficielles)<br>arrêté valable du 09/09/2022 au 31/10/2022
Saint-Bonnet-de-Four (03390),Crise,zone : Bassin de l'Oeil et de l'Aumance (eaux superficielles)<br>arrêté valable du 23/09/2022 au 31/10/2022
Saint-Bonnet-de-Four (03390),Crise,zone : Bassin de l'Oeil et de l'Aumance (eaux superficielles)<br>arrêté valable du 09/09/2022 au 31/10/2022
Saint-Bonnet-de-Rochefort (03800),Vigilance,zone : Bassin de la Sioule (eaux superficielles)<br>arrêté valable du 23/09/2022 au 31/10/2022
Saint-Bonnet-de-Rochefort (03800),Vigilance,zone : Bassin de la Sioule (eaux superficielles)<br>arrêté valable du 09/09/2022 au 31/10/2022
Saint-Caprais (03190),Crise,zone : Bassin de l'Oeil et de l'Aumance (eaux superficielles)<br>arrêté valable du 23/09/2022 au 31/10/2022
Saint-Caprais (03190),Crise,zone : Bassin de l'Oeil et de l'Aumance (eaux superficielles)<br>arrêté valable du 09/09/2022 au 31/10/2022
Saint-Christophe (03120),Alerte,zone : Bassin de l'Allier (eaux superficielles)<br>arrêté valable du 23/09/2022 au 31/10/2022
Saint-Christophe (03120),Alerte renforcée,zone : Bassin de l'Allier (eaux superficielles)<br>arrêté valable du 09/09/2022 au 31/10/2022
Saint-Clément (03250),Alerte renforcée,zone : Bassin de la Besbre (eaux superficielles)<br>arrêté valable du 23/09/2022 au 31/10/2022
Saint-Clément (03250),Alerte renforcée,zone : Bassin de la Besbre (eaux superficielles)<br>arrêté valable du 09/09/2022 au 31/10/2022
Saint-Didier-en-Donjon (03130),Alerte,zone : Bassin de la Loire (eaux superficielles)<br>arrêté valable du 23/09/2022 au 31/10/2022
Saint-Didier-en-Donjon (03130),Alerte renforcée,zone : Bassin de la Loire (eaux superficielles)<br>arrêté valable du 09/09/2022 au 31/10/2022
Saint-Didier-la-Forêt (03110),Vigilance,zone : Bassin de l'Andelot (eaux superficielles)<br>arrêté valable du 23/09/2022 au 31/10/2022
Saint-Didier-la-Forêt (03110),Vigilance,zone : Bassin de l'Andelot (eaux superficielles)<br>arrêté valable du 09/09/2022 au 31/10/2022
Saint-Désiré (03370),Alerte renforcée,zone : Bassin du Cher (eaux superficielles)<br>arrêté valable du 23/09/2022 au 31/10/2022
Saint-Désiré (03370),Alerte renforcée,zone : Bassin du Cher (eaux superficielles)<br>arrêté valable du 09/09/2022 au 31/10/2022
Saint-Ennemond (03400),Alerte renforcée,zone : Bassin de l'Acolin (eaux superficielles)<br>arrêté valable du 23/09/2022 au 31/10/2022
Saint-Ennemond (03400),Alerte renforcée,zone : Bassin de l'Acolin (eaux superficielles)<br>arrêté valable du 09/09/2022 au 31/10/2022
Saint-Fargeol (03420),Crise,zone : Bassin du Cher (en amont de Chambonchard) (eaux superficielles)<br>arrêté valable du 23/09/2022 au 31/10/2022
Saint-Fargeol (03420),Crise,zone : Bassin du Cher (en amont de Chambonchard) (eaux superficielles)<br>arrêté valable du 09/09/2022 au 31/10/2022
Saint-Félix (03260),Alerte,zone : Bassin de l'Allier (eaux superficielles)<br>arrêté valable du 23/09/2022 au 31/10/2022
Saint-Félix (03260),Alerte renforcée,zone : Bassin de l'Allier (eaux superficielles)<br>arrêté valable du 09/09/2022 au 31/10/2022
Saint-Genest (03310),Alerte renforcée,zone : Bassin du Cher (eaux superficielles)<br>arrêté valable du 23/09/2022 au 31/10/2022
Saint-Genest (03310),Alerte renforcée,zone : Bassin du Cher (eaux superficielles)<br>arrêté valable du 09/09/2022 au 31/10/2022
Saint-Germain-de-Salles (03140),Vigilance,zone : Bassin de la Sioule (eaux superficielles)<br>arrêté valable du 23/09/2022 au 31/10/2022
Saint-Germain-de-Salles (03140),Vigilance,zone : Bassin de la Sioule (eaux superficielles)<br>arrêté valable du 09/09/2022 au 31/10/2022
Saint-Germain-des-Fossés (03260),Alerte,zone : Bassin de l'Allier (eaux superficielles)<br>arrêté valable du 23/09/2022 au 31/10/2022
Saint-Germain-des-Fossés (03260),Alerte renforcée,zone : Bassin de l'Allier (eaux superficielles)<br>arrêté valable du 09/09/2022 au 31/10/2022
Saint-Gérand-de-Vaux (03340),Alerte,zone : Bassin de l'Allier (eaux superficielles)<br>arrêté valable du 23/09/2022 au 31/10/2022
Saint-Gérand-de-Vaux (03340),Alerte renforcée,zone : Bassin de l'Allier (eaux superficielles)<br>arrêté valable du 09/09/2022 au 31/10/2022
Saint-Gérand-le-Puy (03150),Alerte,zone : Bassin de l'Allier (eaux superficielles)<br>arrêté valable du 23/09/2022 au 31/10/2022
Saint-Gérand-le-Puy (03150),Alerte renforcée,zone : Bassin de l'Allier (eaux superficielles)<br>arrêté valable du 09/09/2022 au 31/10/2022
Saint-Hilaire (03440),Crise,zone : Bassin de l'Oeil et de l'Aumance (eaux superficielles)<br>arrêté valable du 23/09/2022 au 31/10/2022
Saint-Hilaire (03440),Crise,zone : Bassin de l'Oeil et de l'Aumance (eaux superficielles)<br>arrêté valable du 09/09/2022 au 31/10/2022
Saint-Loup (03150),Alerte,zone : Bassin de l'Allier (eaux superficielles)<br>arrêté valable du 23/09/2022 au 31/10/2022
Saint-Loup (03150),Alerte renforcée,zone : Bassin de l'Allier (eaux superficielles)<br>arrêté valable du 09/09/2022 au 31/10/2022
Saint-Léger-sur-Vouzance (03130),Alerte,zone : Bassin de la Loire (eaux superficielles)<br>arrêté valable du 23/09/2022 au 31/10/2022
Saint-Léger-sur-Vouzance (03130),Alerte renforcée,zone : Bassin de la Loire (eaux superficielles)<br>arrêté valable du 09/09/2022 au 31/10/2022
Saint-Léon (03220),Alerte,zone : Bassin de la Loire (eaux superficielles)<br>arrêté valable du 23/09/2022 au 31/10/2022
Saint-Léon (03220),Alerte renforcée,zone : Bassin de la Loire (eaux superficielles)<br>arrêté valable du 09/09/2022 au 31/10/2022
Saint-Léopardin-d'Augy (03160),Alerte,zone : Bassin de l'Allier (eaux superficielles)<br>arrêté valable du 23/09/2022 au 31/10/2022
Saint-Léopardin-d'Augy (03160),Alerte renforcée,zone : Bassin de l'Allier (eaux superficielles)<br>arrêté valable du 09/09/2022 au 31/10/2022
Saint-Marcel-en-Marcillat (03420),Crise,zone : Bassin du Cher (en amont de Chambonchard) (eaux superficielles)<br>arrêté valable du 23/09/2022 au 31/10/2022
Saint-Marcel-en-Marcillat (03420),Crise,zone : Bassin du Cher (en amont de Chambonchard) (eaux superficielles)<br>arrêté valable du 09/09/2022 au 31/10/2022
Saint-Marcel-en-Murat (03390),Crise,zone : Bassin de la Bouble et du Boublon (eaux superficielles)<br>arrêté valable du 23/09/2022 au 31/10/2022
Saint-Marcel-en-Murat (03390),Crise,zone : Bassin de la Bouble et du Boublon (eaux superficielles)<br>arrêté valable du 09/09/2022 au 31/10/2022
Saint-Martin-des-Lais (03230),Alerte,zone : Bassin de la Loire (eaux superficielles)<br>arrêté valable du 23/09/2022 au 31/10/2022
Saint-Martin-des-Lais (03230),Alerte renforcée,zone : Bassin de la Loire (eaux superficielles)<br>arrêté valable du 09/09/2022 au 31/10/2022
Saint-Martinien (03380),Alerte renforcée,zone : Bassin du Cher (eaux superficielles)<br>arrêté valable du 23/09/2022 au 31/10/2022
Saint-Martinien (03380),Alerte renforcée,zone : Bassin du Cher (eaux superficielles)<br>arrêté valable du 09/09/2022 au 31/10/2022
Saint-Menoux (03210),Alerte,zone : Bassin de l'Allier (eaux superficielles)<br>arrêté valable du 23/09/2022 au 31/10/2022
Saint-Menoux (03210),Alerte renforcée,zone : Bassin de l'Allier (eaux superficielles)<br>arrêté valable du 09/09/2022 au 31/10/2022
Saint-Nicolas-des-Biefs (03250),Alerte renforcée,zone : Bassin de la Besbre (eaux superficielles)<br>arrêté valable du 23/09/2022 au 31/10/2022
Saint-Nicolas-des-Biefs (03250),Alerte renforcée,zone : Bassin de la Besbre (eaux superficielles)<br>arrêté valable du 09/09/2022 au 31/10/2022
Saint-Palais (03370),Alerte renforcée,zone : Bassin du Cher (eaux superficielles)<br>arrêté valable du 23/09/2022 au 31/10/2022
Saint-Palais (03370),Alerte renforcée,zone : Bassin du Cher (eaux superficielles)<br>arrêté valable du 09/09/2022 au 31/10/2022
Saint-Pierre-Laval (42620),Alerte renforcée,zone : Bassin de la Besbre (eaux superficielles)<br>arrêté valable du 23/09/2022 au 31/10/2022
Saint-Pierre-Laval (42620),Alerte renforcée,zone : Bassin de la Besbre (eaux superficielles)<br>arrêté valable du 09/09/2022 au 31/10/2022
Saint-Plaisir (03160),Alerte,zone : Bassin de l'Allier (eaux superficielles)<br>arrêté valable du 23/09/2022 au 31/10/2022
Saint-Plaisir (03160),Alerte renforcée,zone : Bassin de l'Allier (eaux superficielles)<br>arrêté valable du 09/09/2022 au 31/10/2022
Saint-Pont (03110),Vigilance,zone : Bassin de l'Andelot (eaux superficielles)<br>arrêté valable du 23/09/2022 au 31/10/2022
Saint-Pont (03110),Vigilance,zone : Bassin de l'Andelot (eaux superficielles)<br>arrêté valable du 09/09/2022 au 31/10/2022
Saint-Pourçain-sur-Besbre (03290),Alerte renforcée,zone : Bassin de la Besbre (eaux superficielles)<br>arrêté valable du 23/09/2022 au 31/10/2022
Saint-Pourçain-sur-Besbre (03290),Alerte renforcée,zone : Bassin de la Besbre (eaux superficielles)<br>arrêté valable du 09/09/2022 au 31/10/2022
Saint-Pourçain-sur-Sioule (03500),Vigilance,zone : Bassin de la Sioule (eaux superficielles)<br>arrêté valable du 23/09/2022 au 31/10/2022
Saint-Pourçain-sur-Sioule (03500),Vigilance,zone : Bassin de la Sioule (eaux superficielles)<br>arrêté valable du 09/09/2022 au 31/10/2022
Saint-Priest-d'Andelot (03800),Vigilance,zone : Bassin de l'Andelot (eaux superficielles)<br>arrêté valable du 23/09/2022 au 31/10/2022
Saint-Priest-d'Andelot (03800),Vigilance,zone : Bassin de l'Andelot (eaux superficielles)<br>arrêté valable du 09/09/2022 au 31/10/2022
Saint-Priest-en-Murat (03390),Crise,zone : Bassin de l'Oeil et de l'Aumance (eaux superficielles)<br>arrêté valable du 23/09/2022 au 31/10/2022
Saint-Priest-en-Murat (03390),Crise,zone : Bassin de l'Oeil et de l'Aumance (eaux superficielles)<br>arrêté valable du 09/09/2022 au 31/10/2022
Saint-Prix (03120),Alerte renforcée,zone : Bassin de la Besbre (eaux superficielles)<br>arrêté valable du 23/09/2022 au 31/10/2022
Saint-Prix (03120),Alerte renforcée,zone : Bassin de la Besbre (eaux superficielles)<br>arrêté valable du 09/09/2022 au 31/10/2022
Saint-Rémy-en-Rollat (03110),Alerte,zone : Bassin de l'Allier (eaux superficielles)<br>arrêté valable du 23/09/2022 au 31/10/2022
Saint-Rémy-en-Rollat (03110),Alerte renforcée,zone : Bassin de l'Allier (eaux superficielles)<br>arrêté valable du 09/09/2022 au 31/10/2022
Saint-Sauvier (03370),Alerte renforcée,zone : Bassin du Cher (eaux superficielles)<br>arrêté valable du 23/09/2022 au 31/10/2022
Saint-Sauvier (03370),Alerte renforcée,zone : Bassin du Cher (eaux superficielles)<br>arrêté valable du 09/09/2022 au 31/10/2022
Saint-Sornin (03240),Crise,zone : Bassin de l'Oeil et de l'Aumance (eaux superficielles)<br>arrêté valable du 23/09/2022 au 31/10/2022
Saint-Sornin (03240),Crise,zone : Bassin de l'Oeil et de l'Aumance (eaux superficielles)<br>arrêté valable du 09/09/2022 au 31/10/2022
Saint-Victor (03410),Alerte renforcée,zone : Bassin du Cher (eaux superficielles)<br>arrêté valable du 23/09/2022 au 31/10/2022
Saint-Victor (03410),Alerte renforcée,zone : Bassin du Cher (eaux superficielles)<br>arrêté valable du 09/09/2022 au 31/10/2022
Saint-Voir (03220),Alerte,zone : Bassin de l'Allier (eaux superficielles)<br>arrêté valable du 23/09/2022 au 31/10/2022
Saint-Voir (03220),Alerte renforcée,zone : Bassin de l'Allier (eaux superficielles)<br>arrêté valable du 09/09/2022 au 31/10/2022
Saint-Yorre (03270),Alerte,zone : Bassin de l'Allier (eaux superficielles)<br>arrêté valable du 23/09/2022 au 31/10/2022
Saint-Yorre (03270),Alerte renforcée,zone : Bassin de l'Allier (eaux superficielles)<br>arrêté valable du 09/09/2022 au 31/10/2022
Saint-Éloy-d'Allier (03370),Alerte renforcée,zone : Bassin du Cher (eaux superficielles)<br>arrêté valable du 23/09/2022 au 31/10/2022
Saint-Éloy-d'Allier (03370),Alerte renforcée,zone : Bassin du Cher (eaux superficielles)<br>arrêté valable du 09/09/2022 au 31/10/2022
Saint-Étienne-de-Vicq (03300),Alerte,zone : Bassin de l'Allier (eaux superficielles)<br>arrêté valable du 23/09/2022 au 31/10/2022
Saint-Étienne-de-Vicq (03300),Alerte renforcée,zone : Bassin de l'Allier (eaux superficielles)<br>arrêté valable du 09/09/2022 au 31/10/2022
Sainte-Thérence (03420),Alerte renforcée,zone : Bassin du Cher (eaux superficielles)<br>arrêté valable du 23/09/2022 au 31/10/2022
Sainte-Thérence (03420),Alerte renforcée,zone : Bassin du Cher (eaux superficielles)<br>arrêté valable du 09/09/2022 au 31/10/2022
Saligny-sur-Roudon (03470),Alerte,zone : Bassin de la Loire (eaux superficielles)<br>arrêté valable du 23/09/2022 au 31/10/2022
Saligny-sur-Roudon (03470),Alerte renforcée,zone : Bassin de la Loire (eaux superficielles)<br>arrêté valable du 09/09/2022 au 31/10/2022
Sanssat (03150),Alerte,zone : Bassin de l'Allier (eaux superficielles)<br>arrêté valable du 23/09/2022 au 31/10/2022
Sanssat (03150),Alerte renforcée,zone : Bassin de l'Allier (eaux superficielles)<br>arrêté valable du 09/09/2022 au 31/10/2022
Saulcet (03500),Vigilance,zone : Bassin de la Sioule (eaux superficielles)<br>arrêté valable du 23/09/2022 au 31/10/2022
Saulcet (03500),Vigilance,zone : Bassin de la Sioule (eaux superficielles)<br>arrêté valable du 09/09/2022 au 31/10/2022
Saulzet (03800),Vigilance,zone : Bassin de l'Andelot (eaux superficielles)<br>arrêté valable du 23/09/2022 au 31/10/2022
Saulzet (03800),Vigilance,zone : Bassin de l'Andelot (eaux superficielles)<br>arrêté valable du 09/09/2022 au 31/10/2022
Sauvagny (03430),Crise,zone : Bassin de l'Oeil et de l'Aumance (eaux superficielles)<br>arrêté valable du 23/09/2022 au 31/10/2022
Sauvagny (03430),Crise,zone : Bassin de l'Oeil et de l'Aumance (eaux superficielles)<br>arrêté valable du 09/09/2022 au 31/10/2022
Sazeret (03390),Crise,zone : Bassin de l'Oeil et de l'Aumance (eaux superficielles)<br>arrêté valable du 23/09/2022 au 31/10/2022
Sazeret (03390),Crise,zone : Bassin de l'Oeil et de l'Aumance (eaux superficielles)<br>arrêté valable du 09/09/2022 au 31/10/2022
Serbannes (03700),Alerte,zone : Bassin de l'Allier (eaux superficielles)<br>arrêté valable du 23/09/2022 au 31/10/2022
Serbannes (03700),Alerte renforcée,zone : Bassin de l'Allier (eaux superficielles)<br>arrêté valable du 09/09/2022 au 31/10/2022
Servilly (03120),Alerte renforcée,zone : Bassin de la Besbre (eaux superficielles)<br>arrêté valable du 23/09/2022 au 31/10/2022
Servilly (03120),Alerte renforcée,zone : Bassin de la Besbre (eaux superficielles)<br>arrêté valable du 09/09/2022 au 31/10/2022
Seuillet (03260),Alerte,zone : Bassin de l'Allier (eaux superficielles)<br>arrêté valable du 23/09/2022 au 31/10/2022
Seuillet (03260),Alerte renforcée,zone : Bassin de l'Allier (eaux superficielles)<br>arrêté valable du 09/09/2022 au 31/10/2022
Sorbier (03220),Alerte renforcée,zone : Bassin de la Besbre (eaux superficielles)<br>arrêté valable du 23/09/2022 au 31/10/2022
Sorbier (03220),Alerte renforcée,zone : Bassin de la Besbre (eaux superficielles)<br>arrêté valable du 09/09/2022 au 31/10/2022
Souvigny (03210),Alerte,zone : Bassin de l'Allier (eaux superficielles)<br>arrêté valable du 23/09/2022 au 31/10/2022
Souvigny (03210),Alerte renforcée,zone : Bassin de l'Allier (eaux superficielles)<br>arrêté valable du 09/09/2022 au 31/10/2022
Sussat (03450),Vigilance,zone : Bassin de la Sioule (eaux superficielles)<br>arrêté valable du 23/09/2022 au 31/10/2022
Sussat (03450),Vigilance,zone : Bassin de la Sioule (eaux superficielles)<br>arrêté valable du 09/09/2022 au 31/10/2022
Target (03140),Crise,zone : Bassin de la Bouble et du Boublon (eaux superficielles)<br>arrêté valable du 23/09/2022 au 31/10/2022
Target (03140),Crise,zone : Bassin de la Bouble et du Boublon (eaux superficielles)<br>arrêté valable du 09/09/2022 au 31/10/2022
Taxat-Senat (03140),Crise,zone : Bassin de la Bouble et du Boublon (eaux superficielles)<br>arrêté valable du 23/09/2022 au 31/10/2022
Taxat-Senat (03140),Crise,zone : Bassin de la Bouble et du Boublon (eaux superficielles)<br>arrêté valable du 09/09/2022 au 31/10/2022
Teillet-Argenty (03410),Alerte renforcée,zone : Bassin du Cher (eaux superficielles)<br>arrêté valable du 23/09/2022 au 31/10/2022
Teillet-Argenty (03410),Alerte renforcée,zone : Bassin du Cher (eaux superficielles)<br>arrêté valable du 09/09/2022 au 31/10/2022
Terjat (03420),Alerte renforcée,zone : Bassin du Cher (eaux superficielles)<br>arrêté valable du 23/09/2022 au 31/10/2022
Terjat (03420),Alerte renforcée,zone : Bassin du Cher (eaux superficielles)<br>arrêté valable du 09/09/2022 au 31/10/2022
Theneuille (03350),Alerte,zone : Bassin de l'Allier (eaux superficielles)<br>arrêté valable du 23/09/2022 au 31/10/2022
Theneuille (03350),Alerte renforcée,zone : Bassin de l'Allier (eaux superficielles)<br>arrêté valable du 09/09/2022 au 31/10/2022
Thiel-sur-Acolin (03230),Alerte renforcée,zone : Bassin de l'Acolin (eaux superficielles)<br>arrêté valable du 23/09/2022 au 31/10/2022
Thiel-sur-Acolin (03230),Alerte renforcée,zone : Bassin de l'Acolin (eaux superficielles)<br>arrêté valable du 09/09/2022 au 31/10/2022
Thionne (03220),Alerte renforcée,zone : Bassin de la Besbre (eaux superficielles)<br>arrêté valable du 23/09/2022 au 31/10/2022
Thionne (03220),Alerte renforcée,zone : Bassin de la Besbre (eaux superficielles)<br>arrêté valable du 09/09/2022 au 31/10/2022
Tortezais (03430),Crise,zone : Bassin de l'Oeil et de l'Aumance (eaux superficielles)<br>arrêté valable du 23/09/2022 au 31/10/2022
Tortezais (03430),Crise,zone : Bassin de l'Oeil et de l'Aumance (eaux superficielles)<br>arrêté valable du 09/09/2022 au 31/10/2022
Toulon-sur-Allier (03400),Alerte,zone : Bassin de l'Allier (eaux superficielles)<br>arrêté valable du 23/09/2022 au 31/10/2022
Toulon-sur-Allier (03400),Alerte renforcée,zone : Bassin de l'Allier (eaux superficielles)<br>arrêté valable du 09/09/2022 au 31/10/2022
Treban (03240),Vigilance,zone : Bassin de la Sioule (eaux superficielles)<br>arrêté valable du 23/09/2022 au 31/10/2022
Treban (03240),Vigilance,zone : Bassin de la Sioule (eaux superficielles)<br>arrêté valable du 09/09/2022 au 31/10/2022
Treignat (03380),Alerte renforcée,zone : Bassin du Cher (eaux superficielles)<br>arrêté valable du 23/09/2022 au 31/10/2022
Treignat (03380),Alerte renforcée,zone : Bassin du Cher (eaux superficielles)<br>arrêté valable du 09/09/2022 au 31/10/2022
Treteau (03220),Alerte,zone : Bassin de l'Allier (eaux superficielles)<br>arrêté valable du 23/09/2022 au 31/10/2022
Treteau (03220),Alerte renforcée,zone : Bassin de l'Allier (eaux superficielles)<br>arrêté valable du 09/09/2022 au 31/10/2022
Tronget (03240),Crise,zone : Bassin de la Bouble et du Boublon (eaux superficielles)<br>arrêté valable du 23/09/2022 au 31/10/2022
Tronget (03240),Crise,zone : Bassin de la Bouble et du Boublon (eaux superficielles)<br>arrêté valable du 09/09/2022 au 31/10/2022
Trévol (03460),Alerte,zone : Bassin de l'Allier (eaux superficielles)<br>arrêté valable du 23/09/2022 au 31/10/2022
Trévol (03460),Alerte renforcée,zone : Bassin de l'Allier (eaux superficielles)<br>arrêté valable du 09/09/2022 au 31/10/2022
Trézelles (03220),Alerte renforcée,zone : Bassin de la Besbre (eaux superficielles)<br>arrêté valable du 23/09/2022 au 31/10/2022
Trézelles (03220),Alerte renforcée,zone : Bassin de la Besbre (eaux superficielles)<br>arrêté valable du 09/09/2022 au 31/10/2022
Urçay (03360),Alerte renforcée,zone : Bassin du Cher (eaux superficielles)<br>arrêté valable du 23/09/2022 au 31/10/2022
Urçay (03360),Alerte renforcée,zone : Bassin du Cher (eaux superficielles)<br>arrêté valable du 09/09/2022 au 31/10/2022
Ussel-d'Allier (03140),Crise,zone : Bassin de la Bouble et du Boublon (eaux superficielles)<br>arrêté valable du 23/09/2022 au 31/10/2022
Ussel-d'Allier (03140),Crise,zone : Bassin de la Bouble et du Boublon (eaux superficielles)<br>arrêté valable du 09/09/2022 au 31/10/2022
Valignat (03330),Crise,zone : Bassin de la Bouble et du Boublon (eaux superficielles)<br>arrêté valable du 23/09/2022 au 31/10/2022
Valignat (03330),Crise,zone : Bassin de la Bouble et du Boublon (eaux superficielles)<br>arrêté valable du 09/09/2022 au 31/10/2022
Valigny (03360),Alerte renforcée,zone : Bassin du Cher (eaux superficielles)<br>arrêté valable du 23/09/2022 au 31/10/2022
Valigny (03360),Alerte renforcée,zone : Bassin du Cher (eaux superficielles)<br>arrêté valable du 09/09/2022 au 31/10/2022
Vallon-en-Sully (03190),Alerte renforcée,zone : Bassin du Cher (eaux superficielles)<br>arrêté valable du 23/09/2022 au 31/10/2022
Vallon-en-Sully (03190),Alerte renforcée,zone : Bassin du Cher (eaux superficielles)<br>arrêté valable du 09/09/2022 au 31/10/2022
Varennes-sur-Allier (03150),Alerte,zone : Bassin de l'Allier (eaux superficielles)<br>arrêté valable du 23/09/2022 au 31/10/2022
Varennes-sur-Allier (03150),Alerte renforcée,zone : Bassin de l'Allier (eaux superficielles)<br>arrêté valable du 09/09/2022 au 31/10/2022
Varennes-sur-Tèche (03220),Alerte renforcée,zone : Bassin de la Besbre (eaux superficielles)<br>arrêté valable du 23/09/2022 au 31/10/2022
Varennes-sur-Tèche (03220),Alerte renforcée,zone : Bassin de la Besbre (eaux superficielles)<br>arrêté valable du 09/09/2022 au 31/10/2022
Vaumas (03220),Alerte renforcée,zone : Bassin de la Besbre (eaux superficielles)<br>arrêté valable du 23/09/2022 au 31/10/2022
Vaumas (03220),Alerte renforcée,zone : Bassin de la Besbre (eaux superficielles)<br>arrêté valable du 09/09/2022 au 31/10/2022
Vaux (03190),Alerte renforcée,zone : Bassin du Cher (eaux superficielles)<br>arrêté valable du 23/09/2022 au 31/10/2022
Vaux (03190),Alerte renforcée,zone : Bassin du Cher (eaux superficielles)<br>arrêté valable du 09/09/2022 au 31/10/2022
Veauce (03450),Vigilance,zone : Bassin de la Sioule (eaux superficielles)<br>arrêté valable du 23/09/2022 au 31/10/2022
Veauce (03450),Vigilance,zone : Bassin de la Sioule (eaux superficielles)<br>arrêté valable du 09/09/2022 au 31/10/2022
Venas (03190),Crise,zone : Bassin de l'Oeil et de l'Aumance (eaux superficielles)<br>arrêté valable du 23/09/2022 au 31/10/2022
Venas (03190),Crise,zone : Bassin de l'Oeil et de l'Aumance (eaux superficielles)<br>arrêté valable du 09/09/2022 au 31/10/2022
Vendat (03110),Alerte,zone : Bassin de l'Allier (eaux superficielles)<br>arrêté valable du 23/09/2022 au 31/10/2022
Vendat (03110),Alerte renforcée,zone : Bassin de l'Allier (eaux superficielles)<br>arrêté valable du 09/09/2022 au 31/10/2022
Verneix (03190),Alerte renforcée,zone : Bassin du Cher (eaux superficielles)<br>arrêté valable du 23/09/2022 au 31/10/2022
Verneix (03190),Alerte renforcée,zone : Bassin du Cher (eaux superficielles)<br>arrêté valable du 09/09/2022 au 31/10/2022
Verneuil-en-Bourbonnais (03500),Vigilance,zone : Bassin de la Sioule (eaux superficielles)<br>arrêté valable du 23/09/2022 au 31/10/2022
Verneuil-en-Bourbonnais (03500),Vigilance,zone : Bassin de la Sioule (eaux superficielles)<br>arrêté valable du 09/09/2022 au 31/10/2022
Vernusse (03390),Crise,zone : Bassin de la Bouble et du Boublon (eaux superficielles)<br>arrêté valable du 23/09/2022 au 31/10/2022
Vernusse (03390),Crise,zone : Bassin de la Bouble et du Boublon (eaux superficielles)<br>arrêté valable du 09/09/2022 au 31/10/2022
Vichy (03200),Alerte,zone : Bassin de l'Allier (eaux superficielles)<br>arrêté valable du 23/09/2022 au 31/10/2022
Vichy (03200),Alerte renforcée,zone : Bassin de l'Allier (eaux superficielles)<br>arrêté valable du 09/09/2022 au 31/10/2022
Vicq (03450),Vigilance,zone : Bassin de la Sioule (eaux superficielles)<br>arrêté valable du 23/09/2022 au 31/10/2022
Vicq (03450),Vigilance,zone : Bassin de la Sioule (eaux superficielles)<br>arrêté valable du 09/09/2022 au 31/10/2022
Vieure (03430),Crise,zone : Bassin de l'Oeil et de l'Aumance (eaux superficielles)<br>arrêté valable du 23/09/2022 au 31/10/2022
Vieure (03430),Crise,zone : Bassin de l'Oeil et de l'Aumance (eaux superficielles)<br>arrêté valable du 09/09/2022 au 31/10/2022
Villebret (03310),Alerte renforcée,zone : Bassin du Cher (eaux superficielles)<br>arrêté valable du 23/09/2022 au 31/10/2022
Villebret (03310),Alerte renforcée,zone : Bassin du Cher (eaux superficielles)<br>arrêté valable du 09/09/2022 au 31/10/2022
Villefranche-d'Allier (03430),Crise,zone : Bassin de l'Oeil et de l'Aumance (eaux superficielles)<br>arrêté valable du 23/09/2022 au 31/10/2022
Villefranche-d'Allier (03430),Crise,zone : Bassin de l'Oeil et de l'Aumance (eaux superficielles)<br>arrêté valable du 09/09/2022 au 31/10/2022
Villeneuve-sur-Allier (03460),Alerte,zone : Bassin de l'Allier (eaux superficielles)<br>arrêté valable du 23/09/2022 au 31/10/2022
Villeneuve-sur-Allier (03460),Alerte renforcée,zone : Bassin de l'Allier (eaux superficielles)<br>arrêté valable du 09/09/2022 au 31/10/2022
Viplaix (03370),Alerte renforcée,zone : Bassin du Cher (eaux superficielles)<br>arrêté valable du 23/09/2022 au 31/10/2022
Viplaix (03370),Alerte renforcée,zone : Bassin du Cher (eaux superficielles)<br>arrêté valable du 09/09/2022 au 31/10/2022
Voussac (03140),Crise,zone : Bassin de la Bouble et du Boublon (eaux superficielles)<br>arrêté valable du 23/09/2022 au 31/10/2022
Voussac (03140),Crise,zone : Bassin de la Bouble et du Boublon (eaux superficielles)<br>arrêté valable du 09/09/2022 au 31/10/2022
Ygrande (03160),Alerte,zone : Bassin de l'Allier (eaux superficielles)<br>arrêté valable du 23/09/2022 au 31/10/2022
Ygrande (03160),Alerte renforcée,zone : Bassin de l'Allier (eaux superficielles)<br>arrêté valable du 09/09/2022 au 31/10/2022
Yzeure (03400),Alerte,zone : Bassin de l'Allier (eaux superficielles)<br>arrêté valable du 23/09/2022 au 31/10/2022
Yzeure (03400),Alerte renforcée,zone : Bassin de l'Allier (eaux superficielles)<br>arrêté valable du 09/09/2022 au 31/10/2022
Ébreuil (03450),Vigilance,zone : Bassin de la Sioule (eaux superficielles)<br>arrêté valable du 23/09/2022 au 31/10/2022
Ébreuil (03450),Vigilance,zone : Bassin de la Sioule (eaux superficielles)<br>arrêté valable du 09/09/2022 au 31/10/2022
Échassières (03330),Crise,zone : Bassin de la Bouble et du Boublon (eaux superficielles)<br>arrêté valable du 23/09/2022 au 31/10/2022
Échassières (03330),Crise,zone : Bassin de la Bouble et du Boublon (eaux superficielles)<br>arrêté valable du 09/09/2022 au 31/10/2022
Étroussat (03140),Vigilance,zone : Bassin de la Sioule (eaux superficielles)<br>arrêté valable du 23/09/2022 au 31/10/2022
Étroussat (03140),Vigilance,zone : Bassin de la Sioule (eaux superficielles)<br>arrêté valable du 09/09/2022 au 31/10/2022
Accons (07160),Alerte renforcée,zone : Eyrieux (eaux superficielles)<br>arrêté valable du 23/08/2022 au 31/10/2022
Ailhon (07200),Alerte,zone : Ardèche (eaux superficielles)<br>arrêté valable du 23/08/2022 au 31/10/2022
Aizac (07530),Alerte,zone : Ardèche (eaux superficielles)<br>arrêté valable du 23/08/2022 au 31/10/2022
Ajoux (07000),Alerte renforcée,zone : Eyrieux (eaux superficielles)<br>arrêté valable du 23/08/2022 au 31/10/2022
Alba-la-Romaine (07400),Alerte,zone : Ardèche (eaux superficielles)<br>arrêté valable du 23/08/2022 au 31/10/2022
Albon-d'Ardèche (07190),Alerte renforcée,zone : Eyrieux (eaux superficielles)<br>arrêté valable du 23/08/2022 au 31/10/2022
Alboussière (07440),Alerte renforcée,zone : Doux (eaux superficielles)<br>arrêté valable du 23/08/2022 au 31/10/2022
Alissas (07210),Alerte renforcée,zone : Ouvèze (eaux superficielles)<br>arrêté valable du 23/08/2022 au 31/10/2022
Andance (07340),Alerte renforcée,zone : Cance (eaux superficielles)<br>arrêté valable du 23/08/2022 au 31/10/2022
Andance (07340),Alerte renforcée,zone : Doux (eaux superficielles)<br>arrêté valable du 23/08/2022 au 31/10/2022
Annonay (07100),Alerte renforcée,zone : Cance (eaux superficielles)<br>arrêté valable du 23/08/2022 au 31/10/2022
Arcens (07310),Alerte renforcée,zone : Eyrieux (eaux superficielles)<br>arrêté valable du 23/08/2022 au 31/10/2022
Ardoix (07290),Alerte renforcée,zone : Cance (eaux superficielles)<br>arrêté valable du 23/08/2022 au 31/10/2022
Ardoix (07290),Alerte renforcée,zone : Doux (eaux superficielles)<br>arrêté valable du 23/08/2022 au 31/10/2022
Arlebosc (07410),Alerte renforcée,zone : Doux (eaux superficielles)<br>arrêté valable du 23/08/2022 au 31/10/2022
Arras-sur-Rhône (07370),Alerte renforcée,zone : Doux (eaux superficielles)<br>arrêté valable du 23/08/2022 au 31/10/2022
Astet (07330),Alerte,zone : Ardèche (eaux superficielles)<br>arrêté valable du 23/08/2022 au 31/10/2022
Aubenas (07200),Alerte,zone : Ardèche (eaux superficielles)<br>arrêté valable du 23/08/2022 au 31/10/2022
Aubignas (07400),Alerte,zone : Ardèche (eaux superficielles)<br>arrêté valable du 23/08/2022 au 31/10/2022
Baix (07210),Alerte renforcée,zone : Ouvèze (eaux superficielles)<br>arrêté valable du 23/08/2022 au 31/10/2022
Balazuc (07120),Alerte,zone : Ardèche (eaux superficielles)<br>arrêté valable du 23/08/2022 au 31/10/2022
Banne (07460),Alerte renforcée,zone : Beaume-Chassezac (eaux superficielles)<br>arrêté valable du 23/08/2022 au 31/10/2022
Barnas (07330),Alerte,zone : Ardèche (eaux superficielles)<br>arrêté valable du 23/08/2022 au 31/10/2022
Beauchastel (07800),Alerte renforcée,zone : Eyrieux (eaux superficielles)<br>arrêté valable du 23/08/2022 au 31/10/2022
Beaulieu (07460),Alerte renforcée,zone : Beaume-Chassezac (eaux superficielles)<br>arrêté valable du 23/08/2022 au 31/10/2022
Beaumont (07110),Alerte renforcée,zone : Beaume-Chassezac (eaux superficielles)<br>arrêté valable du 23/08/2022 au 31/10/2022
Beauvène (07190),Alerte renforcée,zone : Eyrieux (eaux superficielles)<br>arrêté valable du 23/08/2022 au 31/10/2022
Belsentes (07160),Alerte renforcée,zone : Eyrieux (eaux superficielles)<br>arrêté valable du 23/08/2022 au 31/10/2022
Berrias-et-Casteljau (07460),Alerte renforcée,zone : Beaume-Chassezac (eaux superficielles)<br>arrêté valable du 23/08/2022 au 31/10/2022
Berzème (07580),Alerte,zone : Ardèche (eaux superficielles)<br>arrêté valable du 23/08/2022 au 31/10/2022
Bessas (07150),Alerte renforcée,zone : Cèze (eaux superficielles)<br>arrêté valable du 23/08/2022 au 31/10/2022
Bidon (07700),Alerte,zone : Ardèche (eaux superficielles)<br>arrêté valable du 23/08/2022 au 31/10/2022
Boffres (07440),Alerte renforcée,zone : Doux (eaux superficielles)<br>arrêté valable du 23/08/2022 au 31/10/2022
Bogy (07340),Alerte renforcée,zone : Cance (eaux superficielles)<br>arrêté valable du 23/08/2022 au 31/10/2022
Borne (07590),Alerte renforcée,zone : Beaume-Chassezac (eaux superficielles)<br>arrêté valable du 23/08/2022 au 31/10/2022
Borée (07310),Alerte renforcée,zone : Eyrieux (eaux superficielles)<br>arrêté valable du 23/08/2022 au 31/10/2022
Boucieu-le-Roi (07270),Alerte renforcée,zone : Doux (eaux superficielles)<br>arrêté valable du 23/08/2022 au 31/10/2022
Boulieu-lès-Annonay (07100),Alerte renforcée,zone : Cance (eaux superficielles)<br>arrêté valable du 23/08/2022 au 31/10/2022
Bourg-Saint-Andéol (07700),Alerte,zone : Ardèche (eaux superficielles)<br>arrêté valable du 23/08/2022 au 31/10/2022
Bozas (07410),Alerte renforcée,zone : Doux (eaux superficielles)<br>arrêté valable du 23/08/2022 au 31/10/2022
Brossainc (07340),Alerte renforcée,zone : Cance (eaux superficielles)<br>arrêté valable du 23/08/2022 au 31/10/2022
Burzet (07450),Alerte,zone : Ardèche (eaux superficielles)<br>arrêté valable du 23/08/2022 au 31/10/2022
Cellier-du-Luc (07590),Alerte renforcée,zone : Allier (eaux superficielles)<br>arrêté valable du 23/08/2022 au 31/10/2022
Chalencon (07240),Alerte renforcée,zone : Eyrieux (eaux superficielles)<br>arrêté valable du 23/08/2022 au 31/10/2022
Chambonas (07140),Alerte renforcée,zone : Beaume-Chassezac (eaux superficielles)<br>arrêté valable du 23/08/2022 au 31/10/2022
Champagne (07340),Alerte renforcée,zone : Cance (eaux superficielles)<br>arrêté valable du 23/08/2022 au 31/10/2022
Champis (07440),Alerte renforcée,zone : Doux (eaux superficielles)<br>arrêté valable du 23/08/2022 au 31/10/2022
Chandolas (07230),Alerte renforcée,zone : Beaume-Chassezac (eaux superficielles)<br>arrêté valable du 23/08/2022 au 31/10/2022
Chanéac (07310),Alerte renforcée,zone : Eyrieux (eaux superficielles)<br>arrêté valable du 23/08/2022 au 31/10/2022
Charmes-sur-Rhône (07800),Alerte renforcée,zone : Doux (eaux superficielles)<br>arrêté valable du 23/08/2022 au 31/10/2022
Charnas (07340),Alerte renforcée,zone : Cance (eaux superficielles)<br>arrêté valable du 23/08/2022 au 31/10/2022
Chassiers (07110),Alerte,zone : Ardèche (eaux superficielles)<br>arrêté valable du 23/08/2022 au 31/10/2022
Chauzon (07120),Alerte,zone : Ardèche (eaux superficielles)<br>arrêté valable du 23/08/2022 au 31/10/2022
Chazeaux (07110),Alerte,zone : Ardèche (eaux superficielles)<br>arrêté valable du 23/08/2022 au 31/10/2022
Cheminas (07300),Alerte renforcée,zone : Doux (eaux superficielles)<br>arrêté valable du 23/08/2022 au 31/10/2022
Chirols (07380),Alerte,zone : Ardèche (eaux superficielles)<br>arrêté valable du 23/08/2022 au 31/10/2022
Chomérac (07210),Alerte renforcée,zone : Ouvèze (eaux superficielles)<br>arrêté valable du 23/08/2022 au 31/10/2022
Châteaubourg (07130),Alerte renforcée,zone : Doux (eaux superficielles)<br>arrêté valable du 23/08/2022 au 31/10/2022
Châteauneuf-de-Vernoux (07240),Alerte renforcée,zone : Eyrieux (eaux superficielles)<br>arrêté valable du 23/08/2022 au 31/10/2022
Colombier-le-Cardinal (07430),Alerte renforcée,zone : Cance (eaux superficielles)<br>arrêté valable du 23/08/2022 au 31/10/2022
Colombier-le-Jeune (07270),Alerte renforcée,zone : Doux (eaux superficielles)<br>arrêté valable du 23/08/2022 au 31/10/2022
Colombier-le-Vieux (07410),Alerte renforcée,zone : Doux (eaux superficielles)<br>arrêté valable du 23/08/2022 au 31/10/2022
Cornas (07130),Alerte renforcée,zone : Doux (eaux superficielles)<br>arrêté valable du 23/08/2022 au 31/10/2022
Coucouron (07470),Alerte renforcée,zone : Loire (eaux superficielles)<br>arrêté valable du 23/08/2022 au 31/10/2022
Coux (07000),Alerte renforcée,zone : Ouvèze (eaux superficielles)<br>arrêté valable du 23/08/2022 au 31/10/2022
Creysseilles (07000),Alerte renforcée,zone : Eyrieux (eaux superficielles)<br>arrêté valable du 23/08/2022 au 31/10/2022
"Cros-de-Géorand (07510, 07630)",Alerte renforcée,zone : Loire (eaux superficielles)<br>arrêté valable du 23/08/2022 au 31/10/2022
Cruas (07350),Alerte,zone : Ardèche (eaux superficielles)<br>arrêté valable du 23/08/2022 au 31/10/2022
Darbres (07170),Alerte,zone : Ardèche (eaux superficielles)<br>arrêté valable du 23/08/2022 au 31/10/2022
Davézieux (07430),Alerte renforcée,zone : Cance (eaux superficielles)<br>arrêté valable du 23/08/2022 au 31/10/2022
Devesset (07320),Alerte renforcée,zone : Eyrieux (eaux superficielles)<br>arrêté valable du 23/08/2022 au 31/10/2022
Dompnac (07260),Alerte renforcée,zone : Beaume-Chassezac (eaux superficielles)<br>arrêté valable du 23/08/2022 au 31/10/2022
Dornas (07160),Alerte renforcée,zone : Eyrieux (eaux superficielles)<br>arrêté valable du 23/08/2022 au 31/10/2022
Dunière-sur-Eyrieux (07360),Alerte renforcée,zone : Eyrieux (eaux superficielles)<br>arrêté valable du 23/08/2022 au 31/10/2022
Désaignes (07570),Alerte renforcée,zone : Doux (eaux superficielles)<br>arrêté valable du 23/08/2022 au 31/10/2022
Eclassan (07370),Alerte renforcée,zone : Doux (eaux superficielles)<br>arrêté valable du 23/08/2022 au 31/10/2022
Empurany (07270),Alerte renforcée,zone : Doux (eaux superficielles)<br>arrêté valable du 23/08/2022 au 31/10/2022
Fabras (07380),Alerte,zone : Ardèche (eaux superficielles)<br>arrêté valable du 23/08/2022 au 31/10/2022
Faugères (07230),Alerte renforcée,zone : Beaume-Chassezac (eaux superficielles)<br>arrêté valable du 23/08/2022 au 31/10/2022
Flaviac (07000),Alerte renforcée,zone : Ouvèze (eaux superficielles)<br>arrêté valable du 23/08/2022 au 31/10/2022
Fons (07200),Alerte,zone : Ardèche (eaux superficielles)<br>arrêté valable du 23/08/2022 au 31/10/2022
Freyssenet (07000),Alerte renforcée,zone : Ouvèze (eaux superficielles)<br>arrêté valable du 23/08/2022 au 31/10/2022
Félines (07340),Alerte renforcée,zone : Cance (eaux superficielles)<br>arrêté valable du 23/08/2022 au 31/10/2022
Genestelle (07530),Alerte,zone : Ardèche (eaux superficielles)<br>arrêté valable du 23/08/2022 au 31/10/2022
Gilhac-et-Bruzac (07800),Alerte renforcée,zone : Doux (eaux superficielles)<br>arrêté valable du 23/08/2022 au 31/10/2022
Gilhoc-sur-Ormèze (07270),Alerte renforcée,zone : Doux (eaux superficielles)<br>arrêté valable du 23/08/2022 au 31/10/2022
Gluiras (07190),Alerte renforcée,zone : Eyrieux (eaux superficielles)<br>arrêté valable du 23/08/2022 au 31/10/2022
Glun (07300),Alerte renforcée,zone : Doux (eaux superficielles)<br>arrêté valable du 23/08/2022 au 31/10/2022
Gourdon (07000),Alerte,zone : Ardèche (eaux superficielles)<br>arrêté valable du 23/08/2022 au 31/10/2022
Gras (07700),Alerte,zone : Ardèche (eaux superficielles)<br>arrêté valable du 23/08/2022 au 31/10/2022
Gravières (07140),Alerte renforcée,zone : Beaume-Chassezac (eaux superficielles)<br>arrêté valable du 23/08/2022 au 31/10/2022
Grospierres (07120),Alerte renforcée,zone : Beaume-Chassezac (eaux superficielles)<br>arrêté valable du 23/08/2022 au 31/10/2022
Guilherand-Granges (07500),Alerte renforcée,zone : Doux (eaux superficielles)<br>arrêté valable du 23/08/2022 au 31/10/2022
Issamoulenc (07190),Alerte renforcée,zone : Eyrieux (eaux superficielles)<br>arrêté valable du 23/08/2022 au 31/10/2022
"Issanlas (07660, 07510)",Alerte renforcée,zone : Loire (eaux superficielles)<br>arrêté valable du 23/08/2022 au 31/10/2022
Issarlès (07470),Alerte renforcée,zone : Loire (eaux superficielles)<br>arrêté valable du 23/08/2022 au 31/10/2022
Jaujac (07380),Alerte,zone : Ardèche (eaux superficielles)<br>arrêté valable du 23/08/2022 au 31/10/2022
Jaunac (07160),Alerte renforcée,zone : Eyrieux (eaux superficielles)<br>arrêté valable du 23/08/2022 au 31/10/2022
Joannas (07110),Alerte,zone : Ardèche (eaux superficielles)<br>arrêté valable du 23/08/2022 au 31/10/2022
Joyeuse (07260),Alerte renforcée,zone : Beaume-Chassezac (eaux superficielles)<br>arrêté valable du 23/08/2022 au 31/10/2022
Juvinas (07600),Alerte,zone : Ardèche (eaux superficielles)<br>arrêté valable du 23/08/2022 au 31/10/2022
La Rochette (07310),Alerte renforcée,zone : Eyrieux (eaux superficielles)<br>arrêté valable du 23/08/2022 au 31/10/2022
La Souche (07380),Alerte,zone : Ardèche (eaux superficielles)<br>arrêté valable du 23/08/2022 au 31/10/2022
La Voulte-sur-Rhône (07800),Alerte renforcée,zone : Eyrieux (eaux superficielles)<br>arrêté valable du 23/08/2022 au 31/10/2022
Labastide-de-Virac (07150),Alerte,zone : Ardèche (eaux superficielles)<br>arrêté valable du 23/08/2022 au 31/10/2022
Labastide-sur-Bésorgues (07600),Alerte,zone : Ardèche (eaux superficielles)<br>arrêté valable du 23/08/2022 au 31/10/2022
Labatie-d'Andaure (07570),Alerte renforcée,zone : Doux (eaux superficielles)<br>arrêté valable du 23/08/2022 au 31/10/2022
Labeaume (07120),Alerte renforcée,zone : Beaume-Chassezac (eaux superficielles)<br>arrêté valable du 23/08/2022 au 31/10/2022
Lablachère (07230),Alerte renforcée,zone : Beaume-Chassezac (eaux superficielles)<br>arrêté valable du 23/08/2022 au 31/10/2022
Laboule (07110),Alerte renforcée,zone : Beaume-Chassezac (eaux superficielles)<br>arrêté valable du 23/08/2022 au 31/10/2022
Labégude (07200),Alerte,zone : Ardèche (eaux superficielles)<br>arrêté valable du 23/08/2022 au 31/10/2022
Lachamp-Raphaël (07530),Alerte,zone : Ardèche (eaux superficielles)<br>arrêté valable du 23/08/2022 au 31/10/2022
Lachapelle-Graillouse (07470),Alerte renforcée,zone : Loire (eaux superficielles)<br>arrêté valable du 23/08/2022 au 31/10/2022
Lachapelle-sous-Aubenas (07200),Alerte,zone : Ardèche (eaux superficielles)<br>arrêté valable du 23/08/2022 au 31/10/2022
Lachapelle-sous-Chanéac (07310),Alerte renforcée,zone : Eyrieux (eaux superficielles)<br>arrêté valable du 23/08/2022 au 31/10/2022
Lafarre (07520),Alerte renforcée,zone : Doux (eaux superficielles)<br>arrêté valable du 23/08/2022 au 31/10/2022
Lagorce (07150),Alerte,zone : Ardèche (eaux superficielles)<br>arrêté valable du 23/08/2022 au 31/10/2022
Lalevade-d'Ardèche (07380),Alerte,zone : Ardèche (eaux superficielles)<br>arrêté valable du 23/08/2022 au 31/10/2022
Lalouvesc (07520),Alerte renforcée,zone : Doux (eaux superficielles)<br>arrêté valable du 23/08/2022 au 31/10/2022
Lamastre (07270),Alerte renforcée,zone : Doux (eaux superficielles)<br>arrêté valable du 23/08/2022 au 31/10/2022
Lanarce (07660),Alerte renforcée,zone : Allier (eaux superficielles)<br>arrêté valable du 23/08/2022 au 31/10/2022
Lanas (07200),Alerte,zone : Ardèche (eaux superficielles)<br>arrêté valable du 23/08/2022 au 31/10/2022
Largentière (07110),Alerte,zone : Ardèche (eaux superficielles)<br>arrêté valable du 23/08/2022 au 31/10/2022
Larnas (07220),Alerte,zone : Ardèche (eaux superficielles)<br>arrêté valable du 23/08/2022 au 31/10/2022
Laurac-en-Vivarais (07110),Alerte,zone : Ardèche (eaux superficielles)<br>arrêté valable du 23/08/2022 au 31/10/2022
Laveyrune (48250),Alerte renforcée,zone : Allier (eaux superficielles)<br>arrêté valable du 23/08/2022 au 31/10/2022
Lavillatte (07660),Alerte renforcée,zone : Allier (eaux superficielles)<br>arrêté valable du 23/08/2022 au 31/10/2022
Lavilledieu (07170),Alerte,zone : Ardèche (eaux superficielles)<br>arrêté valable du 23/08/2022 au 31/10/2022
Laviolle (07530),Alerte,zone : Ardèche (eaux superficielles)<br>arrêté valable du 23/08/2022 au 31/10/2022
Le Béage (07630),Alerte renforcée,zone : Loire (eaux superficielles)<br>arrêté valable du 23/08/2022 au 31/10/2022
Le Chambon (07160),Alerte renforcée,zone : Eyrieux (eaux superficielles)<br>arrêté valable du 23/08/2022 au 31/10/2022
Le Cheylard (07160),Alerte renforcée,zone : Eyrieux (eaux superficielles)<br>arrêté valable du 23/08/2022 au 31/10/2022
Le Crestet (07270),Alerte renforcée,zone : Doux (eaux superficielles)<br>arrêté valable du 23/08/2022 au 31/10/2022
Le Lac-d'Issarlès (07470),Alerte renforcée,zone : Loire (eaux superficielles)<br>arrêté valable du 23/08/2022 au 31/10/2022
Le Plagnal (07590),Alerte renforcée,zone : Allier (eaux superficielles)<br>arrêté valable du 23/08/2022 au 31/10/2022
Le Pouzin (07250),Alerte renforcée,zone : Ouvèze (eaux superficielles)<br>arrêté valable du 23/08/2022 au 31/10/2022
Le Roux (07560),Alerte,zone : Ardèche (eaux superficielles)<br>arrêté valable du 23/08/2022 au 31/10/2022
Le Teil (07400),Alerte,zone : Ardèche (eaux superficielles)<br>arrêté valable du 23/08/2022 au 31/10/2022
Lemps (07610),Alerte renforcée,zone : Doux (eaux superficielles)<br>arrêté valable du 23/08/2022 au 31/10/2022
Lentillères (07200),Alerte,zone : Ardèche (eaux superficielles)<br>arrêté valable du 23/08/2022 au 31/10/2022
Les Assions (07140),Alerte renforcée,zone : Beaume-Chassezac (eaux superficielles)<br>arrêté valable du 23/08/2022 au 31/10/2022
Les Ollières-sur-Eyrieux (07360),Alerte renforcée,zone : Eyrieux (eaux superficielles)<br>arrêté valable du 23/08/2022 au 31/10/2022
Les Salelles (07140),Alerte renforcée,zone : Beaume-Chassezac (eaux superficielles)<br>arrêté valable du 23/08/2022 au 31/10/2022
Les Vans (07140),Alerte renforcée,zone : Beaume-Chassezac (eaux superficielles)<br>arrêté valable du 23/08/2022 au 31/10/2022
Lespéron (07660),Alerte renforcée,zone : Allier (eaux superficielles)<br>arrêté valable du 23/08/2022 au 31/10/2022
Limony (07340),Alerte renforcée,zone : Cance (eaux superficielles)<br>arrêté valable du 23/08/2022 au 31/10/2022
Loubaresse (07110),Alerte renforcée,zone : Beaume-Chassezac (eaux superficielles)<br>arrêté valable du 23/08/2022 au 31/10/2022
Lussas (07170),Alerte,zone : Ardèche (eaux superficielles)<br>arrêté valable du 23/08/2022 au 31/10/2022
Lyas (07000),Alerte renforcée,zone : Ouvèze (eaux superficielles)<br>arrêté valable du 23/08/2022 au 31/10/2022
Malarce-sur-la-Thines (07140),Alerte renforcée,zone : Beaume-Chassezac (eaux superficielles)<br>arrêté valable du 23/08/2022 au 31/10/2022
Malbosc (07140),Alerte renforcée,zone : Cèze (eaux superficielles)<br>arrêté valable du 23/08/2022 au 31/10/2022
Marcols-les-Eaux (07190),Alerte renforcée,zone : Eyrieux (eaux superficielles)<br>arrêté valable du 23/08/2022 au 31/10/2022
Mariac (07160),Alerte renforcée,zone : Eyrieux (eaux superficielles)<br>arrêté valable du 23/08/2022 au 31/10/2022
Mars (07320),Alerte renforcée,zone : Eyrieux (eaux superficielles)<br>arrêté valable du 23/08/2022 au 31/10/2022
Mauves (07300),Alerte renforcée,zone : Doux (eaux superficielles)<br>arrêté valable du 23/08/2022 au 31/10/2022
Mayres (07330),Alerte,zone : Ardèche (eaux superficielles)<br>arrêté valable du 23/08/2022 au 31/10/2022
Mazan-l'Abbaye (07510),Alerte renforcée,zone : Loire (eaux superficielles)<br>arrêté valable du 23/08/2022 au 31/10/2022
Mercuer (07200),Alerte,zone : Ardèche (eaux superficielles)<br>arrêté valable du 23/08/2022 au 31/10/2022
Meyras (07380),Alerte,zone : Ardèche (eaux superficielles)<br>arrêté valable du 23/08/2022 au 31/10/2022
Meysse (07400),Alerte,zone : Ardèche (eaux superficielles)<br>arrêté valable du 23/08/2022 au 31/10/2022
Mirabel (07170),Alerte,zone : Ardèche (eaux superficielles)<br>arrêté valable du 23/08/2022 au 31/10/2022
Monestier (07690),Alerte renforcée,zone : Cance (eaux superficielles)<br>arrêté valable du 23/08/2022 au 31/10/2022
Montpezat-sous-Bauzon (07560),Alerte,zone : Ardèche (eaux superficielles)<br>arrêté valable du 23/08/2022 au 31/10/2022
Montréal (07110),Alerte,zone : Ardèche (eaux superficielles)<br>arrêté valable du 23/08/2022 au 31/10/2022
Montselgues (07140),Alerte renforcée,zone : Beaume-Chassezac (eaux superficielles)<br>arrêté valable du 23/08/2022 au 31/10/2022
Mézilhac (07530),Alerte renforcée,zone : Eyrieux (eaux superficielles)<br>arrêté valable du 23/08/2022 au 31/10/2022
Nozières (07270),Alerte renforcée,zone : Doux (eaux superficielles)<br>arrêté valable du 23/08/2022 au 31/10/2022
Orgnac-l'Aven (07150),Alerte renforcée,zone : Cèze (eaux superficielles)<br>arrêté valable du 23/08/2022 au 31/10/2022
Ozon (07370),Alerte renforcée,zone : Doux (eaux superficielles)<br>arrêté valable du 23/08/2022 au 31/10/2022
Pailharès (07410),Alerte renforcée,zone : Doux (eaux superficielles)<br>arrêté valable du 23/08/2022 au 31/10/2022
Payzac (07230),Alerte renforcée,zone : Beaume-Chassezac (eaux superficielles)<br>arrêté valable du 23/08/2022 au 31/10/2022
Peaugres (07340),Alerte renforcée,zone : Cance (eaux superficielles)<br>arrêté valable du 23/08/2022 au 31/10/2022
Peyraud (07340),Alerte renforcée,zone : Cance (eaux superficielles)<br>arrêté valable du 23/08/2022 au 31/10/2022
Planzolles (07230),Alerte renforcée,zone : Beaume-Chassezac (eaux superficielles)<br>arrêté valable du 23/08/2022 au 31/10/2022
Plats (07300),Alerte renforcée,zone : Doux (eaux superficielles)<br>arrêté valable du 23/08/2022 au 31/10/2022
Pont-de-Labeaume (07380),Alerte,zone : Ardèche (eaux superficielles)<br>arrêté valable du 23/08/2022 au 31/10/2022
Pourchères (07000),Alerte renforcée,zone : Ouvèze (eaux superficielles)<br>arrêté valable du 23/08/2022 au 31/10/2022
Prades (07380),Alerte,zone : Ardèche (eaux superficielles)<br>arrêté valable du 23/08/2022 au 31/10/2022
Pradons (07120),Alerte,zone : Ardèche (eaux superficielles)<br>arrêté valable du 23/08/2022 au 31/10/2022
Pranles (07000),Alerte renforcée,zone : Eyrieux (eaux superficielles)<br>arrêté valable du 23/08/2022 au 31/10/2022
Privas (07000),Alerte renforcée,zone : Ouvèze (eaux superficielles)<br>arrêté valable du 23/08/2022 au 31/10/2022
Prunet (07110),Alerte,zone : Ardèche (eaux superficielles)<br>arrêté valable du 23/08/2022 au 31/10/2022
Préaux (07290),Alerte renforcée,zone : Doux (eaux superficielles)<br>arrêté valable du 23/08/2022 au 31/10/2022
Péreyres (07450),Alerte,zone : Ardèche (eaux superficielles)<br>arrêté valable du 23/08/2022 au 31/10/2022
Quintenas (07290),Alerte renforcée,zone : Cance (eaux superficielles)<br>arrêté valable du 23/08/2022 au 31/10/2022
Ribes (07260),Alerte renforcée,zone : Beaume-Chassezac (eaux superficielles)<br>arrêté valable du 23/08/2022 au 31/10/2022
Rochecolombe (07200),Alerte,zone : Ardèche (eaux superficielles)<br>arrêté valable du 23/08/2022 au 31/10/2022
Rochemaure (07400),Alerte,zone : Ardèche (eaux superficielles)<br>arrêté valable du 23/08/2022 au 31/10/2022
Rochepaule (07320),Alerte renforcée,zone : Doux (eaux superficielles)<br>arrêté valable du 23/08/2022 au 31/10/2022
Rocher (07110),Alerte,zone : Ardèche (eaux superficielles)<br>arrêté valable du 23/08/2022 au 31/10/2022
Rochessauve (07210),Alerte renforcée,zone : Ouvèze (eaux superficielles)<br>arrêté valable du 23/08/2022 au 31/10/2022
Rocles (07110),Alerte,zone : Ardèche (eaux superficielles)<br>arrêté valable du 23/08/2022 au 31/10/2022
Roiffieux (07100),Alerte renforcée,zone : Cance (eaux superficielles)<br>arrêté valable du 23/08/2022 au 31/10/2022
"Rompon (07250, 07800)",Alerte renforcée,zone : Ouvèze (eaux superficielles)<br>arrêté valable du 23/08/2022 au 31/10/2022
Rosières (07260),Alerte renforcée,zone : Beaume-Chassezac (eaux superficielles)<br>arrêté valable du 23/08/2022 au 31/10/2022
Ruoms (07120),Alerte,zone : Ardèche (eaux superficielles)<br>arrêté valable du 23/08/2022 au 31/10/2022
Sablières (07260),Alerte renforcée,zone : Beaume-Chassezac (eaux superficielles)<br>arrêté valable du 23/08/2022 au 31/10/2022
Sagnes-et-Goudoulet (07450),Alerte renforcée,zone : Loire (eaux superficielles)<br>arrêté valable du 23/08/2022 au 31/10/2022
Saint-Agrève (07320),Alerte renforcée,zone : Eyrieux (eaux superficielles)<br>arrêté valable du 23/08/2022 au 31/10/2022
Saint-Alban-Auriolles (07120),Alerte renforcée,zone : Beaume-Chassezac (eaux superficielles)<br>arrêté valable du 23/08/2022 au 31/10/2022
Saint-Alban-d'Ay (07790),Alerte renforcée,zone : Doux (eaux superficielles)<br>arrêté valable du 23/08/2022 au 31/10/2022
Saint-Alban-en-Montagne (07590),Alerte renforcée,zone : Allier (eaux superficielles)<br>arrêté valable du 23/08/2022 au 31/10/2022
Saint-André-Lachamp (07230),Alerte renforcée,zone : Beaume-Chassezac (eaux superficielles)<br>arrêté valable du 23/08/2022 au 31/10/2022
Saint-André-de-Cruzières (07460),Alerte renforcée,zone : Cèze (eaux superficielles)<br>arrêté valable du 23/08/2022 au 31/10/2022
Saint-André-en-Vivarais (07690),Alerte renforcée,zone : Doux (eaux superficielles)<br>arrêté valable du 23/08/2022 au 31/10/2022
Saint-Andéol-de-Berg (07170),Alerte,zone : Ardèche (eaux superficielles)<br>arrêté valable du 23/08/2022 au 31/10/2022
Saint-Andéol-de-Fourchades (07160),Alerte renforcée,zone : Eyrieux (eaux superficielles)<br>arrêté valable du 23/08/2022 au 31/10/2022
Saint-Andéol-de-Vals (07600),Alerte,zone : Ardèche (eaux superficielles)<br>arrêté valable du 23/08/2022 au 31/10/2022
Saint-Apollinaire-de-Rias (07240),Alerte renforcée,zone : Eyrieux (eaux superficielles)<br>arrêté valable du 23/08/2022 au 31/10/2022
Saint-Barthélemy-Grozon (07270),Alerte renforcée,zone : Doux (eaux superficielles)<br>arrêté valable du 23/08/2022 au 31/10/2022
Saint-Barthélemy-le-Meil (07160),Alerte renforcée,zone : Eyrieux (eaux superficielles)<br>arrêté valable du 23/08/2022 au 31/10/2022
Saint-Barthélemy-le-Plain (07300),Alerte renforcée,zone : Doux (eaux superficielles)<br>arrêté valable du 23/08/2022 au 31/10/2022
Saint-Basile (07270),Alerte renforcée,zone : Doux (eaux superficielles)<br>arrêté valable du 23/08/2022 au 31/10/2022
Saint-Bauzile (07210),Alerte renforcée,zone : Ouvèze (eaux superficielles)<br>arrêté valable du 23/08/2022 au 31/10/2022
Saint-Christol (07160),Alerte renforcée,zone : Eyrieux (eaux superficielles)<br>arrêté valable du 23/08/2022 au 31/10/2022
Saint-Cierge-la-Serre (07800),Alerte renforcée,zone : Ouvèze (eaux superficielles)<br>arrêté valable du 23/08/2022 au 31/10/2022
Saint-Cierge-sous-le-Cheylard (07160),Alerte renforcée,zone : Eyrieux (eaux superficielles)<br>arrêté valable du 23/08/2022 au 31/10/2022
Saint-Cirgues-de-Prades (07380),Alerte,zone : Ardèche (eaux superficielles)<br>arrêté valable du 23/08/2022 au 31/10/2022
Saint-Cirgues-en-Montagne (07510),Alerte renforcée,zone : Loire (eaux superficielles)<br>arrêté valable du 23/08/2022 au 31/10/2022
Saint-Clair (07430),Alerte renforcée,zone : Cance (eaux superficielles)<br>arrêté valable du 23/08/2022 au 31/10/2022
Saint-Clément (07310),Alerte renforcée,zone : Eyrieux (eaux superficielles)<br>arrêté valable du 23/08/2022 au 31/10/2022
Saint-Cyr (07430),Alerte renforcée,zone : Cance (eaux superficielles)<br>arrêté valable du 23/08/2022 au 31/10/2022
Saint-Didier-sous-Aubenas (07200),Alerte,zone : Ardèche (eaux superficielles)<br>arrêté valable du 23/08/2022 au 31/10/2022
Saint-Désirat (07340),Alerte renforcée,zone : Cance (eaux superficielles)<br>arrêté valable du 23/08/2022 au 31/10/2022
Saint-Fortunat-sur-Eyrieux (07360),Alerte renforcée,zone : Eyrieux (eaux superficielles)<br>arrêté valable du 23/08/2022 au 31/10/2022
Saint-Félicien (07410),Alerte renforcée,zone : Doux (eaux superficielles)<br>arrêté valable du 23/08/2022 au 31/10/2022
"Saint-Genest-Lachamp (07160, 07190)",Alerte renforcée,zone : Eyrieux (eaux superficielles)<br>arrêté valable du 23/08/2022 au 31/10/2022
Saint-Genest-de-Beauzon (07230),Alerte renforcée,zone : Beaume-Chassezac (eaux superficielles)<br>arrêté valable du 23/08/2022 au 31/10/2022
Saint-Georges-les-Bains (07800),Alerte renforcée,zone : Doux (eaux superficielles)<br>arrêté valable du 23/08/2022 au 31/10/2022
Saint-Germain (07170),Alerte,zone : Ardèche (eaux superficielles)<br>arrêté valable du 23/08/2022 au 31/10/2022
Saint-Gineys-en-Coiron (07580),Alerte,zone : Ardèche (eaux superficielles)<br>arrêté valable du 23/08/2022 au 31/10/2022
Saint-Jacques-d'Atticieux (07340),Alerte renforcée,zone : Cance (eaux superficielles)<br>arrêté valable du 23/08/2022 au 31/10/2022
Saint-Jean-Chambre (07240),Alerte renforcée,zone : Eyrieux (eaux superficielles)<br>arrêté valable du 23/08/2022 au 31/10/2022
Saint-Jean-Roure (07160),Alerte renforcée,zone : Eyrieux (eaux superficielles)<br>arrêté valable du 23/08/2022 au 31/10/2022
Saint-Jean-de-Muzols (07300),Alerte renforcée,zone : Doux (eaux superficielles)<br>arrêté valable du 23/08/2022 au 31/10/2022
Saint-Jean-le-Centenier (07580),Alerte,zone : Ardèche (eaux superficielles)<br>arrêté valable du 23/08/2022 au 31/10/2022
Saint-Jeure-d'Andaure (07320),Alerte renforcée,zone : Doux (eaux superficielles)<br>arrêté valable du 23/08/2022 au 31/10/2022
Saint-Jeure-d'Ay (07290),Alerte renforcée,zone : Doux (eaux superficielles)<br>arrêté valable du 23/08/2022 au 31/10/2022
Saint-Joseph-des-Bancs (07530),Alerte,zone : Ardèche (eaux superficielles)<br>arrêté valable du 23/08/2022 au 31/10/2022
Saint-Julien-Vocance (07690),Alerte renforcée,zone : Cance (eaux superficielles)<br>arrêté valable du 23/08/2022 au 31/10/2022
"Saint-Julien-d'Intres (07310, 07320)",Alerte renforcée,zone : Eyrieux (eaux superficielles)<br>arrêté valable du 23/08/2022 au 31/10/2022
Saint-Julien-du-Gua (07190),Alerte renforcée,zone : Eyrieux (eaux superficielles)<br>arrêté valable du 23/08/2022 au 31/10/2022
Saint-Julien-du-Serre (07200),Alerte,zone : Ardèche (eaux superficielles)<br>arrêté valable du 23/08/2022 au 31/10/2022
Saint-Julien-en-Saint-Alban (07000),Alerte renforcée,zone : Ouvèze (eaux superficielles)<br>arrêté valable du 23/08/2022 au 31/10/2022
Saint-Julien-le-Roux (07240),Alerte renforcée,zone : Eyrieux (eaux superficielles)<br>arrêté valable du 23/08/2022 au 31/10/2022
Saint-Just-d'Ardèche (07700),Alerte,zone : Ardèche (eaux superficielles)<br>arrêté valable du 23/08/2022 au 31/10/2022
Saint-Lager-Bressac (07210),Alerte renforcée,zone : Ouvèze (eaux superficielles)<br>arrêté valable du 23/08/2022 au 31/10/2022
Saint-Laurent-du-Pape (07800),Alerte renforcée,zone : Eyrieux (eaux superficielles)<br>arrêté valable du 23/08/2022 au 31/10/2022
Saint-Laurent-les-Bains-Laval-d'Aurelle (07590),Alerte renforcée,zone : Beaume-Chassezac (eaux superficielles)<br>arrêté valable du 23/08/2022 au 31/10/2022
Saint-Laurent-sous-Coiron (07170),Alerte,zone : Ardèche (eaux superficielles)<br>arrêté valable du 23/08/2022 au 31/10/2022
Saint-Marcel-d'Ardèche (07700),Alerte,zone : Ardèche (eaux superficielles)<br>arrêté valable du 23/08/2022 au 31/10/2022
Saint-Marcel-lès-Annonay (07100),Alerte renforcée,zone : Cance (eaux superficielles)<br>arrêté valable du 23/08/2022 au 31/10/2022
Saint-Martial (07310),Alerte renforcée,zone : Eyrieux (eaux superficielles)<br>arrêté valable du 23/08/2022 au 31/10/2022
Saint-Martin-d'Ardèche (07700),Alerte,zone : Ardèche (eaux superficielles)<br>arrêté valable du 23/08/2022 au 31/10/2022
Saint-Martin-de-Valamas (07310),Alerte renforcée,zone : Eyrieux (eaux superficielles)<br>arrêté valable du 23/08/2022 au 31/10/2022
Saint-Martin-sur-Lavezon (07400),Alerte,zone : Ardèche (eaux superficielles)<br>arrêté valable du 23/08/2022 au 31/10/2022
Saint-Maurice-d'Ardèche (07200),Alerte,zone : Ardèche (eaux superficielles)<br>arrêté valable du 23/08/2022 au 31/10/2022
Saint-Maurice-d'Ibie (07170),Alerte,zone : Ardèche (eaux superficielles)<br>arrêté valable du 23/08/2022 au 31/10/2022
Saint-Maurice-en-Chalencon (07190),Alerte renforcée,zone : Eyrieux (eaux superficielles)<br>arrêté valable du 23/08/2022 au 31/10/2022
Saint-Michel-d'Aurance (07160),Alerte renforcée,zone : Eyrieux (eaux superficielles)<br>arrêté valable du 23/08/2022 au 31/10/2022
Saint-Michel-de-Boulogne (07200),Alerte,zone : Ardèche (eaux superficielles)<br>arrêté valable du 23/08/2022 au 31/10/2022
Saint-Michel-de-Chabrillanoux (07360),Alerte renforcée,zone : Eyrieux (eaux superficielles)<br>arrêté valable du 23/08/2022 au 31/10/2022
Saint-Montan (07220),Alerte,zone : Ardèche (eaux superficielles)<br>arrêté valable du 23/08/2022 au 31/10/2022
Saint-Mélany (07260),Alerte renforcée,zone : Beaume-Chassezac (eaux superficielles)<br>arrêté valable du 23/08/2022 au 31/10/2022
Saint-Paul-le-Jeune (07460),Alerte renforcée,zone : Cèze (eaux superficielles)<br>arrêté valable du 23/08/2022 au 31/10/2022
Saint-Pierre-Saint-Jean (07140),Alerte renforcée,zone : Beaume-Chassezac (eaux superficielles)<br>arrêté valable du 23/08/2022 au 31/10/2022
Saint-Pierre-de-Colombier (07450),Alerte,zone : Ardèche (eaux superficielles)<br>arrêté valable du 23/08/2022 au 31/10/2022
Saint-Pierre-la-Roche (07400),Alerte,zone : Ardèche (eaux superficielles)<br>arrêté valable du 23/08/2022 au 31/10/2022
Saint-Pierre-sur-Doux (07520),Alerte renforcée,zone : Doux (eaux superficielles)<br>arrêté valable du 23/08/2022 au 31/10/2022
Saint-Pierreville (07190),Alerte renforcée,zone : Eyrieux (eaux superficielles)<br>arrêté valable du 23/08/2022 au 31/10/2022
Saint-Pons (07580),Alerte,zone : Ardèche (eaux superficielles)<br>arrêté valable du 23/08/2022 au 31/10/2022
Saint-Priest (07000),Alerte renforcée,zone : Ouvèze (eaux superficielles)<br>arrêté valable du 23/08/2022 au 31/10/2022
Saint-Privat (07200),Alerte,zone : Ardèche (eaux superficielles)<br>arrêté valable du 23/08/2022 au 31/10/2022
Saint-Prix (07270),Alerte renforcée,zone : Doux (eaux superficielles)<br>arrêté valable du 23/08/2022 au 31/10/2022
Saint-Péray (07130),Alerte renforcée,zone : Doux (eaux superficielles)<br>arrêté valable du 23/08/2022 au 31/10/2022
Saint-Remèze (07700),Alerte,zone : Ardèche (eaux superficielles)<br>arrêté valable du 23/08/2022 au 31/10/2022
Saint-Romain-d'Ay (07290),Alerte renforcée,zone : Doux (eaux superficielles)<br>arrêté valable du 23/08/2022 au 31/10/2022
Saint-Romain-de-Lerps (07130),Alerte renforcée,zone : Doux (eaux superficielles)<br>arrêté valable du 23/08/2022 au 31/10/2022
Saint-Sauveur-de-Cruzières (07460),Alerte renforcée,zone : Cèze (eaux superficielles)<br>arrêté valable du 23/08/2022 au 31/10/2022
Saint-Sauveur-de-Montagut (07190),Alerte renforcée,zone : Eyrieux (eaux superficielles)<br>arrêté valable du 23/08/2022 au 31/10/2022
Saint-Sernin (07200),Alerte,zone : Ardèche (eaux superficielles)<br>arrêté valable du 23/08/2022 au 31/10/2022
Saint-Sylvestre (07440),Alerte renforcée,zone : Doux (eaux superficielles)<br>arrêté valable du 23/08/2022 au 31/10/2022
Saint-Symphorien-de-Mahun (07290),Alerte renforcée,zone : Doux (eaux superficielles)<br>arrêté valable du 23/08/2022 au 31/10/2022
Saint-Symphorien-sous-Chomérac (07210),Alerte renforcée,zone : Ouvèze (eaux superficielles)<br>arrêté valable du 23/08/2022 au 31/10/2022
Saint-Thomé (07220),Alerte,zone : Ardèche (eaux superficielles)<br>arrêté valable du 23/08/2022 au 31/10/2022
Saint-Victor (07410),Alerte renforcée,zone : Doux (eaux superficielles)<br>arrêté valable du 23/08/2022 au 31/10/2022
Saint-Vincent-de-Barrès (07210),Alerte,zone : Ardèche (eaux superficielles)<br>arrêté valable du 23/08/2022 au 31/10/2022
Saint-Vincent-de-Durfort (07360),Alerte renforcée,zone : Eyrieux (eaux superficielles)<br>arrêté valable du 23/08/2022 au 31/10/2022
Saint-Étienne-de-Boulogne (07200),Alerte,zone : Ardèche (eaux superficielles)<br>arrêté valable du 23/08/2022 au 31/10/2022
Saint-Étienne-de-Fontbellon (07200),Alerte,zone : Ardèche (eaux superficielles)<br>arrêté valable du 23/08/2022 au 31/10/2022
Saint-Étienne-de-Lugdarès (07590),Alerte renforcée,zone : Allier (eaux superficielles)<br>arrêté valable du 23/08/2022 au 31/10/2022
Saint-Étienne-de-Serre (07190),Alerte renforcée,zone : Eyrieux (eaux superficielles)<br>arrêté valable du 23/08/2022 au 31/10/2022
Saint-Étienne-de-Valoux (07340),Alerte renforcée,zone : Cance (eaux superficielles)<br>arrêté valable du 23/08/2022 au 31/10/2022
Sainte-Eulalie (07510),Alerte renforcée,zone : Loire (eaux superficielles)<br>arrêté valable du 23/08/2022 au 31/10/2022
Sainte-Marguerite-Lafigère (07140),Alerte renforcée,zone : Beaume-Chassezac (eaux superficielles)<br>arrêté valable du 23/08/2022 au 31/10/2022
Salavas (07150),Alerte,zone : Ardèche (eaux superficielles)<br>arrêté valable du 23/08/2022 au 31/10/2022
Sampzon (07120),Alerte renforcée,zone : Beaume-Chassezac (eaux superficielles)<br>arrêté valable du 23/08/2022 au 31/10/2022
Sanilhac (07110),Alerte,zone : Ardèche (eaux superficielles)<br>arrêté valable du 23/08/2022 au 31/10/2022
Sarras (07370),Alerte renforcée,zone : Doux (eaux superficielles)<br>arrêté valable du 23/08/2022 au 31/10/2022
Satillieu (07290),Alerte renforcée,zone : Doux (eaux superficielles)<br>arrêté valable du 23/08/2022 au 31/10/2022
Savas (07430),Alerte renforcée,zone : Cance (eaux superficielles)<br>arrêté valable du 23/08/2022 au 31/10/2022
Sceautres (07400),Alerte,zone : Ardèche (eaux superficielles)<br>arrêté valable du 23/08/2022 au 31/10/2022
Serrières (07340),Alerte renforcée,zone : Cance (eaux superficielles)<br>arrêté valable du 23/08/2022 au 31/10/2022
Silhac (07240),Alerte renforcée,zone : Eyrieux (eaux superficielles)<br>arrêté valable du 23/08/2022 au 31/10/2022
Soyons (07130),Alerte renforcée,zone : Doux (eaux superficielles)<br>arrêté valable du 23/08/2022 au 31/10/2022
Sécheras (07610),Alerte renforcée,zone : Doux (eaux superficielles)<br>arrêté valable du 23/08/2022 au 31/10/2022
Talencieux (07340),Alerte renforcée,zone : Cance (eaux superficielles)<br>arrêté valable du 23/08/2022 au 31/10/2022
Tauriers (07110),Alerte,zone : Ardèche (eaux superficielles)<br>arrêté valable du 23/08/2022 au 31/10/2022
Thorrenc (07340),Alerte renforcée,zone : Cance (eaux superficielles)<br>arrêté valable du 23/08/2022 au 31/10/2022
Thueyts (07330),Alerte,zone : Ardèche (eaux superficielles)<br>arrêté valable du 23/08/2022 au 31/10/2022
Toulaud (07130),Alerte renforcée,zone : Doux (eaux superficielles)<br>arrêté valable du 23/08/2022 au 31/10/2022
Tournon-sur-Rhône (07300),Alerte renforcée,zone : Doux (eaux superficielles)<br>arrêté valable du 23/08/2022 au 31/10/2022
Ucel (07200),Alerte,zone : Ardèche (eaux superficielles)<br>arrêté valable du 23/08/2022 au 31/10/2022
Usclades-et-Rieutord (07510),Alerte renforcée,zone : Loire (eaux superficielles)<br>arrêté valable du 23/08/2022 au 31/10/2022
Uzer (07110),Alerte,zone : Ardèche (eaux superficielles)<br>arrêté valable du 23/08/2022 au 31/10/2022
Vagnas (07150),Alerte,zone : Ardèche (eaux superficielles)<br>arrêté valable du 23/08/2022 au 31/10/2022
Valgorge (07110),Alerte renforcée,zone : Beaume-Chassezac (eaux superficielles)<br>arrêté valable du 23/08/2022 au 31/10/2022
Vallon-Pont-d'Arc (07150),Alerte,zone : Ardèche (eaux superficielles)<br>arrêté valable du 23/08/2022 au 31/10/2022
"Vallées-d'Antraigues-Asperjoc (07530, 07600)",Alerte,zone : Ardèche (eaux superficielles)<br>arrêté valable du 23/08/2022 au 31/10/2022
Vals-les-Bains (07600),Alerte,zone : Ardèche (eaux superficielles)<br>arrêté valable du 23/08/2022 au 31/10/2022
Valvignères (07400),Alerte,zone : Ardèche (eaux superficielles)<br>arrêté valable du 23/08/2022 au 31/10/2022
Vanosc (07690),Alerte renforcée,zone : Cance (eaux superficielles)<br>arrêté valable du 23/08/2022 au 31/10/2022
Vaudevant (07410),Alerte renforcée,zone : Doux (eaux superficielles)<br>arrêté valable du 23/08/2022 au 31/10/2022
Vernon (07260),Alerte renforcée,zone : Beaume-Chassezac (eaux superficielles)<br>arrêté valable du 23/08/2022 au 31/10/2022
Vernosc-lès-Annonay (07430),Alerte renforcée,zone : Cance (eaux superficielles)<br>arrêté valable du 23/08/2022 au 31/10/2022
Vernoux-en-Vivarais (07240),Alerte renforcée,zone : Eyrieux (eaux superficielles)<br>arrêté valable du 23/08/2022 au 31/10/2022
Vesseaux (07200),Alerte,zone : Ardèche (eaux superficielles)<br>arrêté valable du 23/08/2022 au 31/10/2022
Veyras (07000),Alerte renforcée,zone : Ouvèze (eaux superficielles)<br>arrêté valable du 23/08/2022 au 31/10/2022
Villeneuve-de-Berg (07170),Alerte,zone : Ardèche (eaux superficielles)<br>arrêté valable du 23/08/2022 au 31/10/2022
Villevocance (07690),Alerte renforcée,zone : Cance (eaux superficielles)<br>arrêté valable du 23/08/2022 au 31/10/2022
Vinezac (07110),Alerte,zone : Ardèche (eaux superficielles)<br>arrêté valable du 23/08/2022 au 31/10/2022
Vinzieux (07340),Alerte renforcée,zone : Cance (eaux superficielles)<br>arrêté valable du 23/08/2022 au 31/10/2022
Vion (07610),Alerte renforcée,zone : Doux (eaux superficielles)<br>arrêté valable du 23/08/2022 au 31/10/2022
Viviers (07220),Alerte,zone : Ardèche (eaux superficielles)<br>arrêté valable du 23/08/2022 au 31/10/2022
Vocance (07690),Alerte renforcée,zone : Cance (eaux superficielles)<br>arrêté valable du 23/08/2022 au 31/10/2022
Vogüé (07200),Alerte,zone : Ardèche (eaux superficielles)<br>arrêté valable du 23/08/2022 au 31/10/2022
Étables (07300),Alerte renforcée,zone : Doux (eaux superficielles)<br>arrêté valable du 23/08/2022 au 31/10/2022
Albepierre-Bredons (15300),Crise,zone : Alagnon (eaux superficielles)<br>arrêté valable du 14/09/2022 au 31/10/2022
Allanche (15160),Crise,zone : Alagnon (eaux superficielles)<br>arrêté valable du 14/09/2022 au 31/10/2022
Alleuze (15100),Crise,zone : Ander-Margeride (eaux superficielles)<br>arrêté valable du 14/09/2022 au 31/10/2022
Alleuze (15100),Crise,zone : Truyère_aval (eaux superficielles)<br>arrêté valable du 14/09/2022 au 31/10/2022
Ally (15700),Alerte renforcée,zone : Maronne (eaux superficielles)<br>arrêté valable du 14/09/2022 au 31/10/2022
Andelat (15100),Crise,zone : Ander-Margeride (eaux superficielles)<br>arrêté valable du 14/09/2022 au 31/10/2022
Anglards-de-Saint-Flour (15100),Crise,zone : Ander-Margeride (eaux superficielles)<br>arrêté valable du 14/09/2022 au 31/10/2022
Anglards-de-Salers (15380),Alerte renforcée,zone : Maronne (eaux superficielles)<br>arrêté valable du 14/09/2022 au 31/10/2022
Anglards-de-Salers (15380),Alerte renforcée,zone : Sumène (eaux superficielles)<br>arrêté valable du 14/09/2022 au 31/10/2022
Anterrieux (15110),Alerte renforcée,zone : Aubrac (eaux superficielles)<br>arrêté valable du 14/09/2022 au 31/10/2022
Antignac (15240),Alerte renforcée,zone : Rhue (eaux superficielles)<br>arrêté valable du 14/09/2022 au 31/10/2022
Antignac (15240),Alerte renforcée,zone : Sumène (eaux superficielles)<br>arrêté valable du 14/09/2022 au 31/10/2022
Apchon (15400),Alerte renforcée,zone : Rhue (eaux superficielles)<br>arrêté valable du 14/09/2022 au 31/10/2022
Arches (15200),Alerte renforcée,zone : Maronne (eaux superficielles)<br>arrêté valable du 14/09/2022 au 31/10/2022
Arches (15200),Alerte renforcée,zone : Sumène (eaux superficielles)<br>arrêté valable du 14/09/2022 au 31/10/2022
Arnac (15150),Alerte renforcée,zone : Maronne (eaux superficielles)<br>arrêté valable du 14/09/2022 au 31/10/2022
Arpajon-sur-Cère (15130),Crise,zone : Cère (eaux superficielles)<br>arrêté valable du 14/09/2022 au 31/10/2022
Auriac-l'Église (15500),Crise,zone : Alagnon (eaux superficielles)<br>arrêté valable du 14/09/2022 au 31/10/2022
Aurillac (15000),Crise,zone : Cère (eaux superficielles)<br>arrêté valable du 14/09/2022 au 31/10/2022
Auzers (15240),Alerte renforcée,zone : Sumène (eaux superficielles)<br>arrêté valable du 14/09/2022 au 31/10/2022
Ayrens (15250),Alerte renforcée,zone : Maronne (eaux superficielles)<br>arrêté valable du 14/09/2022 au 31/10/2022
Badailhac (15800),Crise,zone : Truyère_aval (eaux superficielles)<br>arrêté valable du 14/09/2022 au 31/10/2022
Barriac-les-Bosquets (15700),Alerte renforcée,zone : Maronne (eaux superficielles)<br>arrêté valable du 14/09/2022 au 31/10/2022
Bassignac (15240),Alerte renforcée,zone : Sumène (eaux superficielles)<br>arrêté valable du 14/09/2022 au 31/10/2022
Beaulieu (15270),Alerte renforcée,zone : Rhue (eaux superficielles)<br>arrêté valable du 14/09/2022 au 31/10/2022
Besse (15140),Alerte renforcée,zone : Maronne (eaux superficielles)<br>arrêté valable du 14/09/2022 au 31/10/2022
Bonnac (15500),Crise,zone : Alagnon (eaux superficielles)<br>arrêté valable du 14/09/2022 au 31/10/2022
Brageac (15700),Alerte renforcée,zone : Maronne (eaux superficielles)<br>arrêté valable du 14/09/2022 au 31/10/2022
Brezons (15230),Crise,zone : Truyère_aval (eaux superficielles)<br>arrêté valable du 14/09/2022 au 31/10/2022
Carlat (15130),Crise,zone : Cère (eaux superficielles)<br>arrêté valable du 14/09/2022 au 31/10/2022
Carlat (15130),Crise,zone : Truyère_aval (eaux superficielles)<br>arrêté valable du 14/09/2022 au 31/10/2022
Celoux (15500),Crise,zone : Alagnon (eaux superficielles)<br>arrêté valable du 14/09/2022 au 31/10/2022
Celoux (15500),Alerte renforcée,zone : Haut-Allier (eaux superficielles)<br>arrêté valable du 14/09/2022 au 31/10/2022
Chaliers (15320),Crise,zone : Ander-Margeride (eaux superficielles)<br>arrêté valable du 14/09/2022 au 31/10/2022
Chalvignac (15200),Alerte renforcée,zone : Maronne (eaux superficielles)<br>arrêté valable du 14/09/2022 au 31/10/2022
Champagnac (15350),Alerte renforcée,zone : Sumène (eaux superficielles)<br>arrêté valable du 14/09/2022 au 31/10/2022
Champs-sur-Tarentaine-Marchal (15270),Alerte renforcée,zone : Rhue (eaux superficielles)<br>arrêté valable du 14/09/2022 au 31/10/2022
Chanterelle (15190),Alerte renforcée,zone : Rhue (eaux superficielles)<br>arrêté valable du 14/09/2022 au 31/10/2022
Charmensac (15500),Crise,zone : Alagnon (eaux superficielles)<br>arrêté valable du 14/09/2022 au 31/10/2022
Chaudes-Aigues (15110),Alerte renforcée,zone : Aubrac (eaux superficielles)<br>arrêté valable du 14/09/2022 au 31/10/2022
Chaussenac (15700),Alerte renforcée,zone : Maronne (eaux superficielles)<br>arrêté valable du 14/09/2022 au 31/10/2022
Chazelles (15500),Alerte renforcée,zone : Haut-Allier (eaux superficielles)<br>arrêté valable du 14/09/2022 au 31/10/2022
Cheylade (15400),Alerte renforcée,zone : Rhue (eaux superficielles)<br>arrêté valable du 14/09/2022 au 31/10/2022
Clavières (15320),Crise,zone : Ander-Margeride (eaux superficielles)<br>arrêté valable du 14/09/2022 au 31/10/2022
Clavières (15320),Alerte renforcée,zone : Haut-Allier (eaux superficielles)<br>arrêté valable du 14/09/2022 au 31/10/2022
Collandres (15400),Alerte renforcée,zone : Rhue (eaux superficielles)<br>arrêté valable du 14/09/2022 au 31/10/2022
Collandres (15400),Alerte renforcée,zone : Sumène (eaux superficielles)<br>arrêté valable du 14/09/2022 au 31/10/2022
Coltines (15170),Crise,zone : Alagnon (eaux superficielles)<br>arrêté valable du 14/09/2022 au 31/10/2022
Coltines (15170),Crise,zone : Ander-Margeride (eaux superficielles)<br>arrêté valable du 14/09/2022 au 31/10/2022
Condat (15190),Alerte renforcée,zone : Rhue (eaux superficielles)<br>arrêté valable du 14/09/2022 au 31/10/2022
Coren (15100),Crise,zone : Ander-Margeride (eaux superficielles)<br>arrêté valable du 14/09/2022 au 31/10/2022
Crandelles (15250),Crise,zone : Cère (eaux superficielles)<br>arrêté valable du 14/09/2022 au 31/10/2022
Crandelles (15250),Alerte renforcée,zone : Maronne (eaux superficielles)<br>arrêté valable du 14/09/2022 au 31/10/2022
Cros-de-Montvert (15150),Alerte renforcée,zone : Maronne (eaux superficielles)<br>arrêté valable du 14/09/2022 au 31/10/2022
Cros-de-Ronesque (15130),Crise,zone : Truyère_aval (eaux superficielles)<br>arrêté valable du 14/09/2022 au 31/10/2022
Cussac (15430),Crise,zone : Ander-Margeride (eaux superficielles)<br>arrêté valable du 14/09/2022 au 31/10/2022
Cussac (15430),Crise,zone : Truyère_aval (eaux superficielles)<br>arrêté valable du 14/09/2022 au 31/10/2022
Cézens (15230),Crise,zone : Truyère_aval (eaux superficielles)<br>arrêté valable du 14/09/2022 au 31/10/2022
Deux-Verges (15110),Alerte renforcée,zone : Aubrac (eaux superficielles)<br>arrêté valable du 14/09/2022 au 31/10/2022
Dienne (15300),Crise,zone : Alagnon (eaux superficielles)<br>arrêté valable du 14/09/2022 au 31/10/2022
Dienne (15300),Alerte renforcée,zone : Rhue (eaux superficielles)<br>arrêté valable du 14/09/2022 au 31/10/2022
Drugeac (15140),Alerte renforcée,zone : Maronne (eaux superficielles)<br>arrêté valable du 14/09/2022 au 31/10/2022
Escorailles (15700),Alerte renforcée,zone : Maronne (eaux superficielles)<br>arrêté valable du 14/09/2022 au 31/10/2022
Espinasse (15110),Alerte renforcée,zone : Aubrac (eaux superficielles)<br>arrêté valable du 14/09/2022 au 31/10/2022
Ferrières-Saint-Mary (15170),Crise,zone : Alagnon (eaux superficielles)<br>arrêté valable du 14/09/2022 au 31/10/2022
Fontanges (15140),Alerte renforcée,zone : Maronne (eaux superficielles)<br>arrêté valable du 14/09/2022 au 31/10/2022
Freix-Anglards (15310),Alerte renforcée,zone : Maronne (eaux superficielles)<br>arrêté valable du 14/09/2022 au 31/10/2022
Fridefont (15110),Crise,zone : Ander-Margeride (eaux superficielles)<br>arrêté valable du 14/09/2022 au 31/10/2022
Fridefont (15110),Alerte renforcée,zone : Aubrac (eaux superficielles)<br>arrêté valable du 14/09/2022 au 31/10/2022
Giou-de-Mamou (15130),Crise,zone : Cère (eaux superficielles)<br>arrêté valable du 14/09/2022 au 31/10/2022
Girgols (15310),Crise,zone : Cère (eaux superficielles)<br>arrêté valable du 14/09/2022 au 31/10/2022
Girgols (15310),Alerte renforcée,zone : Maronne (eaux superficielles)<br>arrêté valable du 14/09/2022 au 31/10/2022
Glénat (15150),Crise,zone : Cère (eaux superficielles)<br>arrêté valable du 14/09/2022 au 31/10/2022
Gourdièges (15230),Crise,zone : Truyère_aval (eaux superficielles)<br>arrêté valable du 14/09/2022 au 31/10/2022
Jabrun (15110),Alerte renforcée,zone : Aubrac (eaux superficielles)<br>arrêté valable du 14/09/2022 au 31/10/2022
Jaleyrac (15200),Alerte renforcée,zone : Maronne (eaux superficielles)<br>arrêté valable du 14/09/2022 au 31/10/2022
Jaleyrac (15200),Alerte renforcée,zone : Sumène (eaux superficielles)<br>arrêté valable du 14/09/2022 au 31/10/2022
Jou-sous-Monjou (15800),Crise,zone : Truyère_aval (eaux superficielles)<br>arrêté valable du 14/09/2022 au 31/10/2022
Joursac (15170),Crise,zone : Alagnon (eaux superficielles)<br>arrêté valable du 14/09/2022 au 31/10/2022
Jussac (15250),Crise,zone : Cère (eaux superficielles)<br>arrêté valable du 14/09/2022 au 31/10/2022
Jussac (15250),Alerte renforcée,zone : Maronne (eaux superficielles)<br>arrêté valable du 14/09/2022 au 31/10/2022
La Chapelle-Laurent (15500),Crise,zone : Alagnon (eaux superficielles)<br>arrêté valable du 14/09/2022 au 31/10/2022
La Chapelle-Laurent (15500),Alerte renforcée,zone : Haut-Allier (eaux superficielles)<br>arrêté valable du 14/09/2022 au 31/10/2022
La Chapelle-d'Alagnon (15300),Crise,zone : Alagnon (eaux superficielles)<br>arrêté valable du 14/09/2022 au 31/10/2022
La Chapelle-d'Alagnon (15300),Crise,zone : Ander-Margeride (eaux superficielles)<br>arrêté valable du 14/09/2022 au 31/10/2022
La Monselie (15240),Alerte renforcée,zone : Sumène (eaux superficielles)<br>arrêté valable du 14/09/2022 au 31/10/2022
La Ségalassière (15290),Crise,zone : Cère (eaux superficielles)<br>arrêté valable du 14/09/2022 au 31/10/2022
La Trinitat (15110),Alerte renforcée,zone : Aubrac (eaux superficielles)<br>arrêté valable du 14/09/2022 au 31/10/2022
Labesserette (15120),Crise,zone : Truyère_aval (eaux superficielles)<br>arrêté valable du 14/09/2022 au 31/10/2022
Labrousse (15130),Crise,zone : Cère (eaux superficielles)<br>arrêté valable du 14/09/2022 au 31/10/2022
Labrousse (15130),Crise,zone : Truyère_aval (eaux superficielles)<br>arrêté valable du 14/09/2022 au 31/10/2022
Lacapelle-Barrès (15230),Crise,zone : Truyère_aval (eaux superficielles)<br>arrêté valable du 14/09/2022 au 31/10/2022
Lacapelle-Viescamp (15150),Crise,zone : Cère (eaux superficielles)<br>arrêté valable du 14/09/2022 au 31/10/2022
Lacapelle-del-Fraisse (15120),Crise,zone : Truyère_aval (eaux superficielles)<br>arrêté valable du 14/09/2022 au 31/10/2022
Ladinhac (15120),Crise,zone : Truyère_aval (eaux superficielles)<br>arrêté valable du 14/09/2022 au 31/10/2022
Lafeuillade-en-Vézie (15130),Crise,zone : Cère (eaux superficielles)<br>arrêté valable du 14/09/2022 au 31/10/2022
Lafeuillade-en-Vézie (15130),Crise,zone : Truyère_aval (eaux superficielles)<br>arrêté valable du 14/09/2022 au 31/10/2022
Landeyrat (15160),Crise,zone : Alagnon (eaux superficielles)<br>arrêté valable du 14/09/2022 au 31/10/2022
Landeyrat (15160),Alerte renforcée,zone : Rhue (eaux superficielles)<br>arrêté valable du 14/09/2022 au 31/10/2022
Lanobre (15270),Alerte renforcée,zone : Rhue (eaux superficielles)<br>arrêté valable du 14/09/2022 au 31/10/2022
Lapeyrugue (15120),Crise,zone : Truyère_aval (eaux superficielles)<br>arrêté valable du 14/09/2022 au 31/10/2022
Laroquebrou (15150),Crise,zone : Cère (eaux superficielles)<br>arrêté valable du 14/09/2022 au 31/10/2022
Laroquevieille (15250),Crise,zone : Cère (eaux superficielles)<br>arrêté valable du 14/09/2022 au 31/10/2022
Lascelle (15590),Crise,zone : Cère (eaux superficielles)<br>arrêté valable du 14/09/2022 au 31/10/2022
Lascelle (15590),Alerte renforcée,zone : Maronne (eaux superficielles)<br>arrêté valable du 14/09/2022 au 31/10/2022
Lastic (15500),Crise,zone : Alagnon (eaux superficielles)<br>arrêté valable du 14/09/2022 au 31/10/2022
Lastic (15500),Alerte renforcée,zone : Haut-Allier (eaux superficielles)<br>arrêté valable du 14/09/2022 au 31/10/2022
Laurie (15500),Crise,zone : Alagnon (eaux superficielles)<br>arrêté valable du 14/09/2022 au 31/10/2022
Laveissenet (15300),Crise,zone : Alagnon (eaux superficielles)<br>arrêté valable du 14/09/2022 au 31/10/2022
Laveissenet (15300),Crise,zone : Ander-Margeride (eaux superficielles)<br>arrêté valable du 14/09/2022 au 31/10/2022
Laveissière (15300),Crise,zone : Alagnon (eaux superficielles)<br>arrêté valable du 14/09/2022 au 31/10/2022
Laveissière (15300),Crise,zone : Cère (eaux superficielles)<br>arrêté valable du 14/09/2022 au 31/10/2022
Laveissière (15300),Alerte renforcée,zone : Rhue (eaux superficielles)<br>arrêté valable du 14/09/2022 au 31/10/2022
Lavigerie (15300),Crise,zone : Cère (eaux superficielles)<br>arrêté valable du 14/09/2022 au 31/10/2022
Lavigerie (15300),Alerte renforcée,zone : Rhue (eaux superficielles)<br>arrêté valable du 14/09/2022 au 31/10/2022
Le Claux (15400),Alerte renforcée,zone : Rhue (eaux superficielles)<br>arrêté valable du 14/09/2022 au 31/10/2022
Le Falgoux (15380),Alerte renforcée,zone : Maronne (eaux superficielles)<br>arrêté valable du 14/09/2022 au 31/10/2022
Le Falgoux (15380),Alerte renforcée,zone : Rhue (eaux superficielles)<br>arrêté valable du 14/09/2022 au 31/10/2022
Le Falgoux (15380),Alerte renforcée,zone : Sumène (eaux superficielles)<br>arrêté valable du 14/09/2022 au 31/10/2022
Le Fau (15140),Alerte renforcée,zone : Maronne (eaux superficielles)<br>arrêté valable du 14/09/2022 au 31/10/2022
Le Monteil (15240),Alerte renforcée,zone : Sumène (eaux superficielles)<br>arrêté valable du 14/09/2022 au 31/10/2022
Le Rouget-Pers (15290),Crise,zone : Cère (eaux superficielles)<br>arrêté valable du 14/09/2022 au 31/10/2022
Le Vaulmier (15380),Alerte renforcée,zone : Sumène (eaux superficielles)<br>arrêté valable du 14/09/2022 au 31/10/2022
Le Vigean (15200),Alerte renforcée,zone : Maronne (eaux superficielles)<br>arrêté valable du 14/09/2022 au 31/10/2022
Le Vigean (15200),Alerte renforcée,zone : Sumène (eaux superficielles)<br>arrêté valable du 14/09/2022 au 31/10/2022
Les Ternes (15100),Crise,zone : Ander-Margeride (eaux superficielles)<br>arrêté valable du 14/09/2022 au 31/10/2022
Leucamp (15120),Crise,zone : Truyère_aval (eaux superficielles)<br>arrêté valable du 14/09/2022 au 31/10/2022
Leyvaux (43450),Crise,zone : Alagnon (eaux superficielles)<br>arrêté valable du 14/09/2022 au 31/10/2022
Lieutadès (15110),Alerte renforcée,zone : Aubrac (eaux superficielles)<br>arrêté valable du 14/09/2022 au 31/10/2022
Lorcières (15320),Crise,zone : Ander-Margeride (eaux superficielles)<br>arrêté valable du 14/09/2022 au 31/10/2022
Lugarde (15190),Alerte renforcée,zone : Rhue (eaux superficielles)<br>arrêté valable du 14/09/2022 au 31/10/2022
Madic (15210),Alerte renforcée,zone : Sumène (eaux superficielles)<br>arrêté valable du 14/09/2022 au 31/10/2022
Malbo (15230),Crise,zone : Truyère_aval (eaux superficielles)<br>arrêté valable du 14/09/2022 au 31/10/2022
Mandailles-Saint-Julien (15590),Crise,zone : Cère (eaux superficielles)<br>arrêté valable du 14/09/2022 au 31/10/2022
Marcenat (15190),Crise,zone : Alagnon (eaux superficielles)<br>arrêté valable du 14/09/2022 au 31/10/2022
Marcenat (15190),Alerte renforcée,zone : Rhue (eaux superficielles)<br>arrêté valable du 14/09/2022 au 31/10/2022
Marchastel (15400),Alerte renforcée,zone : Rhue (eaux superficielles)<br>arrêté valable du 14/09/2022 au 31/10/2022
Marcolès (15220),Crise,zone : Cère (eaux superficielles)<br>arrêté valable du 14/09/2022 au 31/10/2022
Marmanhac (15250),Crise,zone : Cère (eaux superficielles)<br>arrêté valable du 14/09/2022 au 31/10/2022
Massiac (15500),Crise,zone : Alagnon (eaux superficielles)<br>arrêté valable du 14/09/2022 au 31/10/2022
Mauriac (15200),Alerte renforcée,zone : Maronne (eaux superficielles)<br>arrêté valable du 14/09/2022 au 31/10/2022
Maurines (15110),Alerte renforcée,zone : Aubrac (eaux superficielles)<br>arrêté valable du 14/09/2022 au 31/10/2022
Maurs (15600),Alerte renforcée,zone : Veyre (eaux superficielles)<br>arrêté valable du 14/09/2022 au 31/10/2022
Menet (15400),Alerte renforcée,zone : Sumène (eaux superficielles)<br>arrêté valable du 14/09/2022 au 31/10/2022
Mentières (15100),Crise,zone : Alagnon (eaux superficielles)<br>arrêté valable du 14/09/2022 au 31/10/2022
Mentières (15100),Crise,zone : Ander-Margeride (eaux superficielles)<br>arrêté valable du 14/09/2022 au 31/10/2022
Molompize (15500),Crise,zone : Alagnon (eaux superficielles)<br>arrêté valable du 14/09/2022 au 31/10/2022
Molèdes (15500),Crise,zone : Alagnon (eaux superficielles)<br>arrêté valable du 14/09/2022 au 31/10/2022
Montboudif (15190),Alerte renforcée,zone : Rhue (eaux superficielles)<br>arrêté valable du 14/09/2022 au 31/10/2022
Montchamp (15100),Crise,zone : Alagnon (eaux superficielles)<br>arrêté valable du 14/09/2022 au 31/10/2022
Montchamp (15100),Crise,zone : Ander-Margeride (eaux superficielles)<br>arrêté valable du 14/09/2022 au 31/10/2022
Montchamp (15100),Alerte renforcée,zone : Haut-Allier (eaux superficielles)<br>arrêté valable du 14/09/2022 au 31/10/2022
Montgreleix (15190),Alerte renforcée,zone : Rhue (eaux superficielles)<br>arrêté valable du 14/09/2022 au 31/10/2022
Montsalvy (15120),Crise,zone : Truyère_aval (eaux superficielles)<br>arrêté valable du 14/09/2022 au 31/10/2022
Montvert (15150),Crise,zone : Cère (eaux superficielles)<br>arrêté valable du 14/09/2022 au 31/10/2022
Montvert (15150),Alerte renforcée,zone : Maronne (eaux superficielles)<br>arrêté valable du 14/09/2022 au 31/10/2022
Moussages (15380),Alerte renforcée,zone : Sumène (eaux superficielles)<br>arrêté valable du 14/09/2022 au 31/10/2022
Murat (15300),Crise,zone : Alagnon (eaux superficielles)<br>arrêté valable du 14/09/2022 au 31/10/2022
Murat (15300),Alerte renforcée,zone : Rhue (eaux superficielles)<br>arrêté valable du 14/09/2022 au 31/10/2022
Méallet (15200),Alerte renforcée,zone : Sumène (eaux superficielles)<br>arrêté valable du 14/09/2022 au 31/10/2022
Narnhac (15230),Crise,zone : Truyère_aval (eaux superficielles)<br>arrêté valable du 14/09/2022 au 31/10/2022
Naucelles (15250),Crise,zone : Cère (eaux superficielles)<br>arrêté valable du 14/09/2022 au 31/10/2022
"Neussargues en Pinatelle (15170, 15300)",Crise,zone : Alagnon (eaux superficielles)<br>arrêté valable du 14/09/2022 au 31/10/2022
"Neussargues en Pinatelle (15170, 15300)",Crise,zone : Ander-Margeride (eaux superficielles)<br>arrêté valable du 14/09/2022 au 31/10/2022
"Neuvéglise-sur-Truyère (15260, 15100)",Crise,zone : Ander-Margeride (eaux superficielles)<br>arrêté valable du 14/09/2022 au 31/10/2022
"Neuvéglise-sur-Truyère (15260, 15100)",Crise,zone : Truyère_aval (eaux superficielles)<br>arrêté valable du 14/09/2022 au 31/10/2022
Nieudan (15150),Crise,zone : Cère (eaux superficielles)<br>arrêté valable du 14/09/2022 au 31/10/2022
Nieudan (15150),Alerte renforcée,zone : Maronne (eaux superficielles)<br>arrêté valable du 14/09/2022 au 31/10/2022
Omps (15290),Crise,zone : Cère (eaux superficielles)<br>arrêté valable du 14/09/2022 au 31/10/2022
Pailherols (15800),Crise,zone : Cère (eaux superficielles)<br>arrêté valable du 14/09/2022 au 31/10/2022
Pailherols (15800),Crise,zone : Truyère_aval (eaux superficielles)<br>arrêté valable du 14/09/2022 au 31/10/2022
Parlan (15290),Alerte renforcée,zone : Veyre (eaux superficielles)<br>arrêté valable du 14/09/2022 au 31/10/2022
Paulhac (15430),Crise,zone : Ander-Margeride (eaux superficielles)<br>arrêté valable du 14/09/2022 au 31/10/2022
Paulhac (15430),Crise,zone : Truyère_aval (eaux superficielles)<br>arrêté valable du 14/09/2022 au 31/10/2022
Paulhenc (15230),Crise,zone : Truyère_aval (eaux superficielles)<br>arrêté valable du 14/09/2022 au 31/10/2022
Peyrusse (15170),Crise,zone : Alagnon (eaux superficielles)<br>arrêté valable du 14/09/2022 au 31/10/2022
Pierrefort (15230),Crise,zone : Truyère_aval (eaux superficielles)<br>arrêté valable du 14/09/2022 au 31/10/2022
Pleaux (15700),Alerte renforcée,zone : Maronne (eaux superficielles)<br>arrêté valable du 14/09/2022 au 31/10/2022
Polminhac (15800),Crise,zone : Cère (eaux superficielles)<br>arrêté valable du 14/09/2022 au 31/10/2022
Polminhac (15800),Crise,zone : Truyère_aval (eaux superficielles)<br>arrêté valable du 14/09/2022 au 31/10/2022
Pradiers (15160),Crise,zone : Alagnon (eaux superficielles)<br>arrêté valable du 14/09/2022 au 31/10/2022
Prunet (15130),Crise,zone : Cère (eaux superficielles)<br>arrêté valable du 14/09/2022 au 31/10/2022
Prunet (15130),Crise,zone : Truyère_aval (eaux superficielles)<br>arrêté valable du 14/09/2022 au 31/10/2022
Quézac (15600),Alerte renforcée,zone : Veyre (eaux superficielles)<br>arrêté valable du 14/09/2022 au 31/10/2022
Rageade (15500),Alerte renforcée,zone : Haut-Allier (eaux superficielles)<br>arrêté valable du 14/09/2022 au 31/10/2022
Raulhac (15800),Crise,zone : Truyère_aval (eaux superficielles)<br>arrêté valable du 14/09/2022 au 31/10/2022
Reilhac (15250),Crise,zone : Cère (eaux superficielles)<br>arrêté valable du 14/09/2022 au 31/10/2022
Riom-ès-Montagnes (15400),Alerte renforcée,zone : Rhue (eaux superficielles)<br>arrêté valable du 14/09/2022 au 31/10/2022
Riom-ès-Montagnes (15400),Alerte renforcée,zone : Sumène (eaux superficielles)<br>arrêté valable du 14/09/2022 au 31/10/2022
Roannes-Saint-Mary (15220),Crise,zone : Cère (eaux superficielles)<br>arrêté valable du 14/09/2022 au 31/10/2022
Roffiac (15100),Crise,zone : Ander-Margeride (eaux superficielles)<br>arrêté valable du 14/09/2022 au 31/10/2022
Rouffiac (15150),Alerte renforcée,zone : Maronne (eaux superficielles)<br>arrêté valable du 14/09/2022 au 31/10/2022
Roumégoux (15290),Crise,zone : Cère (eaux superficielles)<br>arrêté valable du 14/09/2022 au 31/10/2022
Roumégoux (15290),Alerte renforcée,zone : Veyre (eaux superficielles)<br>arrêté valable du 14/09/2022 au 31/10/2022
Ruynes-en-Margeride (15320),Crise,zone : Ander-Margeride (eaux superficielles)<br>arrêté valable du 14/09/2022 au 31/10/2022
Rézentières (15170),Crise,zone : Alagnon (eaux superficielles)<br>arrêté valable du 14/09/2022 au 31/10/2022
Rézentières (15170),Crise,zone : Ander-Margeride (eaux superficielles)<br>arrêté valable du 14/09/2022 au 31/10/2022
Saignes (15240),Alerte renforcée,zone : Sumène (eaux superficielles)<br>arrêté valable du 14/09/2022 au 31/10/2022
Saint-Amandin (15190),Alerte renforcée,zone : Rhue (eaux superficielles)<br>arrêté valable du 14/09/2022 au 31/10/2022
Saint-Bonnet-de-Condat (15190),Alerte renforcée,zone : Rhue (eaux superficielles)<br>arrêté valable du 14/09/2022 au 31/10/2022
Saint-Bonnet-de-Salers (15140),Alerte renforcée,zone : Maronne (eaux superficielles)<br>arrêté valable du 14/09/2022 au 31/10/2022
Saint-Cernin (15310),Crise,zone : Cère (eaux superficielles)<br>arrêté valable du 14/09/2022 au 31/10/2022
Saint-Cernin (15310),Alerte renforcée,zone : Maronne (eaux superficielles)<br>arrêté valable du 14/09/2022 au 31/10/2022
Saint-Chamant (15140),Alerte renforcée,zone : Maronne (eaux superficielles)<br>arrêté valable du 14/09/2022 au 31/10/2022
Saint-Cirgues-de-Jordanne (15590),Crise,zone : Cère (eaux superficielles)<br>arrêté valable du 14/09/2022 au 31/10/2022
Saint-Cirgues-de-Malbert (15140),Alerte renforcée,zone : Maronne (eaux superficielles)<br>arrêté valable du 14/09/2022 au 31/10/2022
Saint-Clément (15800),Crise,zone : Cère (eaux superficielles)<br>arrêté valable du 14/09/2022 au 31/10/2022
Saint-Clément (15800),Crise,zone : Truyère_aval (eaux superficielles)<br>arrêté valable du 14/09/2022 au 31/10/2022
Saint-Flour (15100),Crise,zone : Ander-Margeride (eaux superficielles)<br>arrêté valable du 14/09/2022 au 31/10/2022
Saint-Georges (15100),Crise,zone : Ander-Margeride (eaux superficielles)<br>arrêté valable du 14/09/2022 au 31/10/2022
Saint-Gérons (15150),Crise,zone : Cère (eaux superficielles)<br>arrêté valable du 14/09/2022 au 31/10/2022
Saint-Hippolyte (15400),Alerte renforcée,zone : Rhue (eaux superficielles)<br>arrêté valable du 14/09/2022 au 31/10/2022
Saint-Illide (15310),Alerte renforcée,zone : Maronne (eaux superficielles)<br>arrêté valable du 14/09/2022 au 31/10/2022
Saint-Jacques-des-Blats (15800),Crise,zone : Cère (eaux superficielles)<br>arrêté valable du 14/09/2022 au 31/10/2022
Saint-Julien-de-Toursac (15600),Alerte renforcée,zone : Veyre (eaux superficielles)<br>arrêté valable du 14/09/2022 au 31/10/2022
Saint-Mamet-la-Salvetat (15220),Crise,zone : Cère (eaux superficielles)<br>arrêté valable du 14/09/2022 au 31/10/2022
Saint-Martial (15110),Alerte renforcée,zone : Aubrac (eaux superficielles)<br>arrêté valable du 14/09/2022 au 31/10/2022
Saint-Martin-Cantalès (15140),Alerte renforcée,zone : Maronne (eaux superficielles)<br>arrêté valable du 14/09/2022 au 31/10/2022
Saint-Martin-Valmeroux (15140),Alerte renforcée,zone : Maronne (eaux superficielles)<br>arrêté valable du 14/09/2022 au 31/10/2022
Saint-Martin-sous-Vigouroux (15230),Crise,zone : Truyère_aval (eaux superficielles)<br>arrêté valable du 14/09/2022 au 31/10/2022
Saint-Mary-le-Plain (15500),Crise,zone : Alagnon (eaux superficielles)<br>arrêté valable du 14/09/2022 au 31/10/2022
Saint-Paul-de-Salers (15140),Alerte renforcée,zone : Maronne (eaux superficielles)<br>arrêté valable du 14/09/2022 au 31/10/2022
Saint-Paul-des-Landes (15250),Crise,zone : Cère (eaux superficielles)<br>arrêté valable du 14/09/2022 au 31/10/2022
Saint-Paul-des-Landes (15250),Alerte renforcée,zone : Maronne (eaux superficielles)<br>arrêté valable du 14/09/2022 au 31/10/2022
Saint-Pierre (15350),Alerte renforcée,zone : Sumène (eaux superficielles)<br>arrêté valable du 14/09/2022 au 31/10/2022
Saint-Poncy (15500),Crise,zone : Alagnon (eaux superficielles)<br>arrêté valable du 14/09/2022 au 31/10/2022
Saint-Projet-de-Salers (15140),Alerte renforcée,zone : Maronne (eaux superficielles)<br>arrêté valable du 14/09/2022 au 31/10/2022
Saint-Rémy-de-Chaudes-Aigues (15110),Alerte renforcée,zone : Aubrac (eaux superficielles)<br>arrêté valable du 14/09/2022 au 31/10/2022
Saint-Santin-Cantalès (15150),Crise,zone : Cère (eaux superficielles)<br>arrêté valable du 14/09/2022 au 31/10/2022
Saint-Santin-Cantalès (15150),Alerte renforcée,zone : Maronne (eaux superficielles)<br>arrêté valable du 14/09/2022 au 31/10/2022
Saint-Saturnin (15190),Alerte renforcée,zone : Rhue (eaux superficielles)<br>arrêté valable du 14/09/2022 au 31/10/2022
Saint-Saury (15290),Crise,zone : Cère (eaux superficielles)<br>arrêté valable du 14/09/2022 au 31/10/2022
Saint-Simon (15130),Crise,zone : Cère (eaux superficielles)<br>arrêté valable du 14/09/2022 au 31/10/2022
Saint-Urcize (15110),Alerte renforcée,zone : Aubrac (eaux superficielles)<br>arrêté valable du 14/09/2022 au 31/10/2022
Saint-Victor (15150),Alerte renforcée,zone : Maronne (eaux superficielles)<br>arrêté valable du 14/09/2022 au 31/10/2022
Saint-Vincent-de-Salers (15380),Alerte renforcée,zone : Sumène (eaux superficielles)<br>arrêté valable du 14/09/2022 au 31/10/2022
Saint-Étienne-Cantalès (15150),Crise,zone : Cère (eaux superficielles)<br>arrêté valable du 14/09/2022 au 31/10/2022
Saint-Étienne-de-Carlat (15130),Crise,zone : Cère (eaux superficielles)<br>arrêté valable du 14/09/2022 au 31/10/2022
Saint-Étienne-de-Carlat (15130),Crise,zone : Truyère_aval (eaux superficielles)<br>arrêté valable du 14/09/2022 au 31/10/2022
Saint-Étienne-de-Chomeil (15400),Alerte renforcée,zone : Rhue (eaux superficielles)<br>arrêté valable du 14/09/2022 au 31/10/2022
Saint-Étienne-de-Chomeil (15400),Alerte renforcée,zone : Sumène (eaux superficielles)<br>arrêté valable du 14/09/2022 au 31/10/2022
Sainte-Eulalie (15140),Alerte renforcée,zone : Maronne (eaux superficielles)<br>arrêté valable du 14/09/2022 au 31/10/2022
Sainte-Marie (15230),Crise,zone : Truyère_aval (eaux superficielles)<br>arrêté valable du 14/09/2022 au 31/10/2022
Salers (15140),Alerte renforcée,zone : Maronne (eaux superficielles)<br>arrêté valable du 14/09/2022 au 31/10/2022
Salins (15200),Alerte renforcée,zone : Maronne (eaux superficielles)<br>arrêté valable du 14/09/2022 au 31/10/2022
Sansac-de-Marmiesse (15130),Crise,zone : Cère (eaux superficielles)<br>arrêté valable du 14/09/2022 au 31/10/2022
Sauvat (15240),Alerte renforcée,zone : Sumène (eaux superficielles)<br>arrêté valable du 14/09/2022 au 31/10/2022
Siran (15150),Crise,zone : Cère (eaux superficielles)<br>arrêté valable du 14/09/2022 au 31/10/2022
Soulages (15100),Crise,zone : Alagnon (eaux superficielles)<br>arrêté valable du 14/09/2022 au 31/10/2022
Soulages (15100),Alerte renforcée,zone : Haut-Allier (eaux superficielles)<br>arrêté valable du 14/09/2022 au 31/10/2022
Sourniac (15200),Alerte renforcée,zone : Maronne (eaux superficielles)<br>arrêté valable du 14/09/2022 au 31/10/2022
Sourniac (15200),Alerte renforcée,zone : Sumène (eaux superficielles)<br>arrêté valable du 14/09/2022 au 31/10/2022
Ségur-les-Villas (15300),Crise,zone : Alagnon (eaux superficielles)<br>arrêté valable du 14/09/2022 au 31/10/2022
Ségur-les-Villas (15300),Alerte renforcée,zone : Rhue (eaux superficielles)<br>arrêté valable du 14/09/2022 au 31/10/2022
Talizat (15170),Crise,zone : Alagnon (eaux superficielles)<br>arrêté valable du 14/09/2022 au 31/10/2022
Talizat (15170),Crise,zone : Ander-Margeride (eaux superficielles)<br>arrêté valable du 14/09/2022 au 31/10/2022
Tanavelle (15100),Crise,zone : Ander-Margeride (eaux superficielles)<br>arrêté valable du 14/09/2022 au 31/10/2022
Teissières-de-Cornet (15250),Crise,zone : Cère (eaux superficielles)<br>arrêté valable du 14/09/2022 au 31/10/2022
Teissières-de-Cornet (15250),Alerte renforcée,zone : Maronne (eaux superficielles)<br>arrêté valable du 14/09/2022 au 31/10/2022
Teissières-lès-Bouliès (15130),Crise,zone : Truyère_aval (eaux superficielles)<br>arrêté valable du 14/09/2022 au 31/10/2022
Thiézac (15800),Crise,zone : Cère (eaux superficielles)<br>arrêté valable du 14/09/2022 au 31/10/2022
Tiviers (15100),Crise,zone : Alagnon (eaux superficielles)<br>arrêté valable du 14/09/2022 au 31/10/2022
Tiviers (15100),Crise,zone : Ander-Margeride (eaux superficielles)<br>arrêté valable du 14/09/2022 au 31/10/2022
Tournemire (15310),Alerte renforcée,zone : Maronne (eaux superficielles)<br>arrêté valable du 14/09/2022 au 31/10/2022
Trizac (15400),Alerte renforcée,zone : Sumène (eaux superficielles)<br>arrêté valable du 14/09/2022 au 31/10/2022
Trémouille (15270),Alerte renforcée,zone : Rhue (eaux superficielles)<br>arrêté valable du 14/09/2022 au 31/10/2022
Ussel (15300),Crise,zone : Ander-Margeride (eaux superficielles)<br>arrêté valable du 14/09/2022 au 31/10/2022
Vabres (15100),Crise,zone : Ander-Margeride (eaux superficielles)<br>arrêté valable du 14/09/2022 au 31/10/2022
Val d'Arcomie (15320),Crise,zone : Ander-Margeride (eaux superficielles)<br>arrêté valable du 14/09/2022 au 31/10/2022
Valette (15400),Alerte renforcée,zone : Sumène (eaux superficielles)<br>arrêté valable du 14/09/2022 au 31/10/2022
Valjouze (15170),Crise,zone : Alagnon (eaux superficielles)<br>arrêté valable du 14/09/2022 au 31/10/2022
Valuéjols (15300),Crise,zone : Ander-Margeride (eaux superficielles)<br>arrêté valable du 14/09/2022 au 31/10/2022
Vebret (15240),Alerte renforcée,zone : Rhue (eaux superficielles)<br>arrêté valable du 14/09/2022 au 31/10/2022
Vebret (15240),Alerte renforcée,zone : Sumène (eaux superficielles)<br>arrêté valable du 14/09/2022 au 31/10/2022
Velzic (15590),Crise,zone : Cère (eaux superficielles)<br>arrêté valable du 14/09/2022 au 31/10/2022
Vernols (15160),Crise,zone : Alagnon (eaux superficielles)<br>arrêté valable du 14/09/2022 au 31/10/2022
Vernols (15160),Alerte renforcée,zone : Rhue (eaux superficielles)<br>arrêté valable du 14/09/2022 au 31/10/2022
Veyrières (15350),Alerte renforcée,zone : Sumène (eaux superficielles)<br>arrêté valable du 14/09/2022 au 31/10/2022
Vezels-Roussy (15130),Crise,zone : Truyère_aval (eaux superficielles)<br>arrêté valable du 14/09/2022 au 31/10/2022
Vic-sur-Cère (15800),Crise,zone : Cère (eaux superficielles)<br>arrêté valable du 14/09/2022 au 31/10/2022
Vic-sur-Cère (15800),Crise,zone : Truyère_aval (eaux superficielles)<br>arrêté valable du 14/09/2022 au 31/10/2022
Vieillespesse (15500),Crise,zone : Alagnon (eaux superficielles)<br>arrêté valable du 14/09/2022 au 31/10/2022
Vieillespesse (15500),Crise,zone : Ander-Margeride (eaux superficielles)<br>arrêté valable du 14/09/2022 au 31/10/2022
Villedieu (15100),Crise,zone : Ander-Margeride (eaux superficielles)<br>arrêté valable du 14/09/2022 au 31/10/2022
Virargues (15300),Crise,zone : Alagnon (eaux superficielles)<br>arrêté valable du 14/09/2022 au 31/10/2022
Vèze (15160),Crise,zone : Alagnon (eaux superficielles)<br>arrêté valable du 14/09/2022 au 31/10/2022
Védrines-Saint-Loup (15100),Crise,zone : Alagnon (eaux superficielles)<br>arrêté valable du 14/09/2022 au 31/10/2022
Védrines-Saint-Loup (15100),Crise,zone : Ander-Margeride (eaux superficielles)<br>arrêté valable du 14/09/2022 au 31/10/2022
Védrines-Saint-Loup (15100),Alerte renforcée,zone : Haut-Allier (eaux superficielles)<br>arrêté valable du 14/09/2022 au 31/10/2022
Vézac (15130),Crise,zone : Cère (eaux superficielles)<br>arrêté valable du 14/09/2022 au 31/10/2022
Ydes (15210),Alerte renforcée,zone : Sumène (eaux superficielles)<br>arrêté valable du 14/09/2022 au 31/10/2022
Yolet (15130),Crise,zone : Cère (eaux superficielles)<br>arrêté valable du 14/09/2022 au 31/10/2022
"Ytrac (15130, 15000)",Crise,zone : Cère (eaux superficielles)<br>arrêté valable du 14/09/2022 au 31/10/2022
Albon (26140),Crise,zone : VALLOIRE (eaux superficielles)<br>arrêté valable du 18/08/2022 au 30/09/2022
Albon (26140),Alerte,zone : VALLOIRE (eaux souterraines)<br>arrêté valable du 18/08/2022 au 30/09/2022
Aleyrac (26770),Crise,zone : ROUBION - JABRON (eaux superficielles)<br>arrêté valable du 18/08/2022 au 31/10/2022
Aleyrac (26770),Crise,zone : ROUBION - JABRON (eaux souterraines)<br>arrêté valable du 18/08/2022 au 31/10/2022
Alixan (26300),Crise,zone : PLAINE DE - VALENCE (eaux superficielles)<br>arrêté valable du 18/08/2022 au 31/10/2022
Alixan (26300),Crise,zone : PLAINE DE VALENCE (eaux souterraines)<br>arrêté valable du 18/08/2022 au 31/10/2022
Allan (26780),Crise,zone : BERRE (eaux superficielles)<br>arrêté valable du 18/08/2022 au 31/10/2022
Allan (26780),Crise,zone : BERRE (eaux souterraines)<br>arrêté valable du 18/08/2022 au 31/10/2022
Allex (26400),Crise,zone : DROME (eaux superficielles)<br>arrêté valable du 18/08/2022 au 31/10/2022
Allex (26400),Crise,zone : DROME (eaux souterraines)<br>arrêté valable du 18/08/2022 au 31/10/2022
Ambonil (26800),Crise,zone : DROME (eaux superficielles)<br>arrêté valable du 18/08/2022 au 31/10/2022
Ambonil (26800),Crise,zone : PLAINE DE - VALENCE (eaux superficielles)<br>arrêté valable du 18/08/2022 au 31/10/2022
Ambonil (26800),Crise,zone : DROME (eaux souterraines)<br>arrêté valable du 18/08/2022 au 31/10/2022
Ambonil (26800),Crise,zone : PLAINE DE VALENCE (eaux souterraines)<br>arrêté valable du 18/08/2022 au 31/10/2022
Ancône (26200),Crise,zone : ROUBION - JABRON (eaux superficielles)<br>arrêté valable du 18/08/2022 au 31/10/2022
Ancône (26200),Crise,zone : ROUBION - JABRON (eaux souterraines)<br>arrêté valable du 18/08/2022 au 31/10/2022
Andancette (26140),Crise,zone : VALLOIRE (eaux superficielles)<br>arrêté valable du 18/08/2022 au 30/09/2022
Andancette (26140),Alerte,zone : VALLOIRE (eaux souterraines)<br>arrêté valable du 18/08/2022 au 30/09/2022
Anneyron (26140),Crise,zone : VALLOIRE (eaux superficielles)<br>arrêté valable du 18/08/2022 au 30/09/2022
Anneyron (26140),Alerte,zone : VALLOIRE (eaux souterraines)<br>arrêté valable du 18/08/2022 au 30/09/2022
Aouste-sur-Sye (26400),Crise,zone : DROME (eaux superficielles)<br>arrêté valable du 18/08/2022 au 31/10/2022
Aouste-sur-Sye (26400),Crise,zone : DROME (eaux souterraines)<br>arrêté valable du 18/08/2022 au 31/10/2022
Arnayon (26470),Crise,zone : DROME (eaux superficielles)<br>arrêté valable du 18/08/2022 au 31/10/2022
Arnayon (26470),Crise,zone : DROME (eaux souterraines)<br>arrêté valable du 18/08/2022 au 31/10/2022
Arthémonay (26260),Crise,zone : GALAURE - DROME DES COLLINES (eaux superficielles)<br>arrêté valable du 18/08/2022 au 31/10/2022
Arthémonay (26260),Crise,zone : GALAURE - DROME DES COLLINES (eaux souterraines)<br>arrêté valable du 18/08/2022 au 31/10/2022
Aubenasson (26340),Crise,zone : DROME (eaux superficielles)<br>arrêté valable du 18/08/2022 au 31/10/2022
Aubenasson (26340),Crise,zone : DROME (eaux souterraines)<br>arrêté valable du 18/08/2022 au 31/10/2022
Aucelon (26340),Crise,zone : DROME (eaux superficielles)<br>arrêté valable du 18/08/2022 au 31/10/2022
Aucelon (26340),Crise,zone : DROME (eaux souterraines)<br>arrêté valable du 18/08/2022 au 31/10/2022
Aurel (26340),Crise,zone : DROME (eaux superficielles)<br>arrêté valable du 18/08/2022 au 31/10/2022
Aurel (26340),Crise,zone : DROME (eaux souterraines)<br>arrêté valable du 18/08/2022 au 31/10/2022
Autichamp (26400),Crise,zone : DROME (eaux superficielles)<br>arrêté valable du 18/08/2022 au 31/10/2022
Autichamp (26400),Crise,zone : DROME (eaux souterraines)<br>arrêté valable du 18/08/2022 au 31/10/2022
Ballons (26560),Crise,zone : MEOUGE (eaux superficielles)<br>arrêté valable du 18/08/2022 au 31/10/2022
Ballons (26560),Crise,zone : MEOUGE (eaux souterraines)<br>arrêté valable du 18/08/2022 au 31/10/2022
Barbières (26300),Crise,zone : PLAINE DE - VALENCE (eaux superficielles)<br>arrêté valable du 18/08/2022 au 31/10/2022
Barbières (26300),Crise,zone : PLAINE DE VALENCE (eaux souterraines)<br>arrêté valable du 18/08/2022 au 31/10/2022
Barcelonne (26120),Crise,zone : PLAINE DE - VALENCE (eaux superficielles)<br>arrêté valable du 18/08/2022 au 31/10/2022
Barcelonne (26120),Crise,zone : PLAINE DE VALENCE (eaux souterraines)<br>arrêté valable du 18/08/2022 au 31/10/2022
Barnave (26310),Crise,zone : DROME (eaux superficielles)<br>arrêté valable du 18/08/2022 au 31/10/2022
Barnave (26310),Crise,zone : DROME (eaux souterraines)<br>arrêté valable du 18/08/2022 au 31/10/2022
Barsac (26150),Crise,zone : DROME (eaux superficielles)<br>arrêté valable du 18/08/2022 au 31/10/2022
Barsac (26150),Crise,zone : DROME (eaux souterraines)<br>arrêté valable du 18/08/2022 au 31/10/2022
Bathernay (26260),Crise,zone : GALAURE - DROME DES COLLINES (eaux superficielles)<br>arrêté valable du 18/08/2022 au 31/10/2022
Bathernay (26260),Crise,zone : GALAURE - DROME DES COLLINES (eaux souterraines)<br>arrêté valable du 18/08/2022 au 31/10/2022
Beaufort-sur-Gervanne (26400),Crise,zone : DROME (eaux superficielles)<br>arrêté valable du 18/08/2022 au 31/10/2022
Beaufort-sur-Gervanne (26400),Crise,zone : DROME (eaux souterraines)<br>arrêté valable du 18/08/2022 au 31/10/2022
Beaumont-Monteux (26600),Crise,zone : GALAURE - DROME DES COLLINES (eaux superficielles)<br>arrêté valable du 18/08/2022 au 31/10/2022
Beaumont-Monteux (26600),Crise,zone : GALAURE - DROME DES COLLINES (eaux souterraines)<br>arrêté valable du 18/08/2022 au 31/10/2022
Beaumont-en-Diois (26310),Crise,zone : DROME (eaux superficielles)<br>arrêté valable du 18/08/2022 au 31/10/2022
Beaumont-en-Diois (26310),Crise,zone : DROME (eaux souterraines)<br>arrêté valable du 18/08/2022 au 31/10/2022
Beaumont-lès-Valence (26760),Crise,zone : PLAINE DE - VALENCE (eaux superficielles)<br>arrêté valable du 18/08/2022 au 31/10/2022
Beaumont-lès-Valence (26760),Crise,zone : PLAINE DE VALENCE (eaux souterraines)<br>arrêté valable du 18/08/2022 au 31/10/2022
Beauregard-Baret (26300),Crise,zone : PLAINE DE - VALENCE (eaux superficielles)<br>arrêté valable du 18/08/2022 au 31/10/2022
Beauregard-Baret (26300),Crise,zone : PLAINE DE VALENCE (eaux souterraines)<br>arrêté valable du 18/08/2022 au 31/10/2022
Beaurières (26310),Crise,zone : DROME (eaux superficielles)<br>arrêté valable du 18/08/2022 au 31/10/2022
Beaurières (26310),Crise,zone : DROME (eaux souterraines)<br>arrêté valable du 18/08/2022 au 31/10/2022
Beausemblant (26240),Crise,zone : VALLOIRE (eaux superficielles)<br>arrêté valable du 18/08/2022 au 30/09/2022
Beausemblant (26240),Alerte,zone : VALLOIRE (eaux souterraines)<br>arrêté valable du 18/08/2022 au 30/09/2022
Beauvallon (26800),Crise,zone : PLAINE DE - VALENCE (eaux superficielles)<br>arrêté valable du 18/08/2022 au 31/10/2022
Beauvallon (26800),Crise,zone : PLAINE DE VALENCE (eaux souterraines)<br>arrêté valable du 18/08/2022 au 31/10/2022
Bonlieu-sur-Roubion (26160),Crise,zone : ROUBION - JABRON (eaux superficielles)<br>arrêté valable du 18/08/2022 au 31/10/2022
Bonlieu-sur-Roubion (26160),Crise,zone : ROUBION - JABRON (eaux souterraines)<br>arrêté valable du 18/08/2022 au 31/10/2022
Boulc (26410),Crise,zone : DROME (eaux superficielles)<br>arrêté valable du 18/08/2022 au 31/10/2022
Boulc (26410),Crise,zone : DROME (eaux souterraines)<br>arrêté valable du 18/08/2022 au 31/10/2022
Bourdeaux (26460),Crise,zone : ROUBION - JABRON (eaux superficielles)<br>arrêté valable du 18/08/2022 au 31/10/2022
Bourdeaux (26460),Crise,zone : ROUBION - JABRON (eaux souterraines)<br>arrêté valable du 18/08/2022 au 31/10/2022
Bourg-de-Péage (26300),Crise,zone : PLAINE DE - VALENCE (eaux superficielles)<br>arrêté valable du 18/08/2022 au 31/10/2022
Bourg-de-Péage (26300),Crise,zone : PLAINE DE VALENCE (eaux souterraines)<br>arrêté valable du 18/08/2022 au 31/10/2022
Bourg-lès-Valence (26500),Crise,zone : PLAINE DE - VALENCE (eaux superficielles)<br>arrêté valable du 18/08/2022 au 31/10/2022
Bourg-lès-Valence (26500),Crise,zone : PLAINE DE VALENCE (eaux souterraines)<br>arrêté valable du 18/08/2022 au 31/10/2022
Bouvante (26190),Crise,zone : ROYANS-VERCORS (eaux superficielles)<br>arrêté valable du 18/08/2022 au 31/10/2022
Bouvante (26190),Crise,zone : ROYANS-VERCORS (eaux souterraines)<br>arrêté valable du 18/08/2022 au 31/10/2022
Bouvières (26460),Crise,zone : ROUBION - JABRON (eaux superficielles)<br>arrêté valable du 18/08/2022 au 31/10/2022
Bouvières (26460),Crise,zone : ROUBION - JABRON (eaux souterraines)<br>arrêté valable du 18/08/2022 au 31/10/2022
Bren (26260),Crise,zone : GALAURE - DROME DES COLLINES (eaux superficielles)<br>arrêté valable du 18/08/2022 au 31/10/2022
Bren (26260),Crise,zone : GALAURE - DROME DES COLLINES (eaux souterraines)<br>arrêté valable du 18/08/2022 au 31/10/2022
Brette (26340),Crise,zone : DROME (eaux superficielles)<br>arrêté valable du 18/08/2022 au 31/10/2022
Brette (26340),Crise,zone : DROME (eaux souterraines)<br>arrêté valable du 18/08/2022 au 31/10/2022
Bésayes (26300),Crise,zone : PLAINE DE - VALENCE (eaux superficielles)<br>arrêté valable du 18/08/2022 au 31/10/2022
Bésayes (26300),Crise,zone : PLAINE DE VALENCE (eaux souterraines)<br>arrêté valable du 18/08/2022 au 31/10/2022
Bézaudun-sur-Bîne (26460),Crise,zone : ROUBION - JABRON (eaux superficielles)<br>arrêté valable du 18/08/2022 au 31/10/2022
Bézaudun-sur-Bîne (26460),Crise,zone : ROUBION - JABRON (eaux souterraines)<br>arrêté valable du 18/08/2022 au 31/10/2022
Chabeuil (26120),Crise,zone : PLAINE DE - VALENCE (eaux superficielles)<br>arrêté valable du 18/08/2022 au 31/10/2022
Chabeuil (26120),Crise,zone : PLAINE DE VALENCE (eaux souterraines)<br>arrêté valable du 18/08/2022 au 31/10/2022
Chabrillan (26400),Crise,zone : DROME (eaux superficielles)<br>arrêté valable du 18/08/2022 au 31/10/2022
Chabrillan (26400),Crise,zone : DROME (eaux souterraines)<br>arrêté valable du 18/08/2022 au 31/10/2022
Chalancon (26470),Crise,zone : DROME (eaux superficielles)<br>arrêté valable du 18/08/2022 au 31/10/2022
Chalancon (26470),Crise,zone : DROME (eaux souterraines)<br>arrêté valable du 18/08/2022 au 31/10/2022
Chamaloc (26150),Crise,zone : DROME (eaux superficielles)<br>arrêté valable du 18/08/2022 au 31/10/2022
Chamaloc (26150),Crise,zone : DROME (eaux souterraines)<br>arrêté valable du 18/08/2022 au 31/10/2022
Chamaret (26230),Crise,zone : BERRE (eaux superficielles)<br>arrêté valable du 18/08/2022 au 31/10/2022
Chamaret (26230),Crise,zone : BERRE (eaux souterraines)<br>arrêté valable du 18/08/2022 au 31/10/2022
Chanos-Curson (26600),Crise,zone : GALAURE - DROME DES COLLINES (eaux superficielles)<br>arrêté valable du 18/08/2022 au 31/10/2022
Chanos-Curson (26600),Crise,zone : GALAURE - DROME DES COLLINES (eaux souterraines)<br>arrêté valable du 18/08/2022 au 31/10/2022
Chantemerle-les-Blés (26600),Crise,zone : GALAURE - DROME DES COLLINES (eaux superficielles)<br>arrêté valable du 18/08/2022 au 31/10/2022
Chantemerle-les-Blés (26600),Crise,zone : GALAURE - DROME DES COLLINES (eaux souterraines)<br>arrêté valable du 18/08/2022 au 31/10/2022
Chantemerle-lès-Grignan (26230),Crise,zone : BERRE (eaux superficielles)<br>arrêté valable du 18/08/2022 au 31/10/2022
Chantemerle-lès-Grignan (26230),Crise,zone : BERRE (eaux souterraines)<br>arrêté valable du 18/08/2022 au 31/10/2022
Charens (26310),Crise,zone : DROME (eaux superficielles)<br>arrêté valable du 18/08/2022 au 31/10/2022
Charens (26310),Crise,zone : DROME (eaux souterraines)<br>arrêté valable du 18/08/2022 au 31/10/2022
Charmes-sur-l'Herbasse (26260),Crise,zone : GALAURE - DROME DES COLLINES (eaux superficielles)<br>arrêté valable du 18/08/2022 au 31/10/2022
Charmes-sur-l'Herbasse (26260),Crise,zone : GALAURE - DROME DES COLLINES (eaux souterraines)<br>arrêté valable du 18/08/2022 au 31/10/2022
Charols (26450),Crise,zone : ROUBION - JABRON (eaux superficielles)<br>arrêté valable du 18/08/2022 au 31/10/2022
Charols (26450),Crise,zone : ROUBION - JABRON (eaux souterraines)<br>arrêté valable du 18/08/2022 au 31/10/2022
Charpey (26300),Crise,zone : PLAINE DE - VALENCE (eaux superficielles)<br>arrêté valable du 18/08/2022 au 31/10/2022
Charpey (26300),Crise,zone : PLAINE DE VALENCE (eaux souterraines)<br>arrêté valable du 18/08/2022 au 31/10/2022
Chastel-Arnaud (26340),Crise,zone : DROME (eaux superficielles)<br>arrêté valable du 18/08/2022 au 31/10/2022
Chastel-Arnaud (26340),Crise,zone : DROME (eaux souterraines)<br>arrêté valable du 18/08/2022 au 31/10/2022
Chatuzange-le-Goubet (26300),Crise,zone : PLAINE DE - VALENCE (eaux superficielles)<br>arrêté valable du 18/08/2022 au 31/10/2022
Chatuzange-le-Goubet (26300),Crise,zone : PLAINE DE VALENCE (eaux souterraines)<br>arrêté valable du 18/08/2022 au 31/10/2022
Chavannes (26260),Crise,zone : GALAURE - DROME DES COLLINES (eaux superficielles)<br>arrêté valable du 18/08/2022 au 31/10/2022
Chavannes (26260),Crise,zone : GALAURE - DROME DES COLLINES (eaux souterraines)<br>arrêté valable du 18/08/2022 au 31/10/2022
Châteaudouble (26120),Crise,zone : PLAINE DE - VALENCE (eaux superficielles)<br>arrêté valable du 18/08/2022 au 31/10/2022
Châteaudouble (26120),Crise,zone : PLAINE DE VALENCE (eaux souterraines)<br>arrêté valable du 18/08/2022 au 31/10/2022
Châteauneuf-de-Galaure (26330),Crise,zone : GALAURE - DROME DES COLLINES (eaux superficielles)<br>arrêté valable du 18/08/2022 au 31/10/2022
Châteauneuf-de-Galaure (26330),Crise,zone : GALAURE - DROME DES COLLINES (eaux souterraines)<br>arrêté valable du 18/08/2022 au 31/10/2022
Châteauneuf-sur-Isère (26300),Crise,zone : PLAINE DE - VALENCE (eaux superficielles)<br>arrêté valable du 18/08/2022 au 31/10/2022
Châteauneuf-sur-Isère (26300),Crise,zone : PLAINE DE VALENCE (eaux souterraines)<br>arrêté valable du 18/08/2022 au 31/10/2022
Châtillon-Saint-Jean (26750),Crise,zone : GALAURE - DROME DES COLLINES (eaux superficielles)<br>arrêté valable du 18/08/2022 au 31/10/2022
Châtillon-Saint-Jean (26750),Crise,zone : GALAURE - DROME DES COLLINES (eaux souterraines)<br>arrêté valable du 18/08/2022 au 31/10/2022
Châtillon-en-Diois (26410),Crise,zone : DROME (eaux superficielles)<br>arrêté valable du 18/08/2022 au 31/10/2022
Châtillon-en-Diois (26410),Crise,zone : DROME (eaux souterraines)<br>arrêté valable du 18/08/2022 au 31/10/2022
Clansayes (26130),Crise,zone : BERRE (eaux superficielles)<br>arrêté valable du 18/08/2022 au 31/10/2022
Clansayes (26130),Crise,zone : BERRE (eaux souterraines)<br>arrêté valable du 18/08/2022 au 31/10/2022
Claveyson (26240),Crise,zone : GALAURE - DROME DES COLLINES (eaux superficielles)<br>arrêté valable du 18/08/2022 au 31/10/2022
Claveyson (26240),Crise,zone : GALAURE - DROME DES COLLINES (eaux souterraines)<br>arrêté valable du 18/08/2022 au 31/10/2022
Cliousclat (26270),Crise,zone : DROME (eaux superficielles)<br>arrêté valable du 18/08/2022 au 31/10/2022
Cliousclat (26270),Crise,zone : DROME (eaux souterraines)<br>arrêté valable du 18/08/2022 au 31/10/2022
Cléon-d'Andran (26450),Crise,zone : ROUBION - JABRON (eaux superficielles)<br>arrêté valable du 18/08/2022 au 31/10/2022
Cléon-d'Andran (26450),Crise,zone : ROUBION - JABRON (eaux souterraines)<br>arrêté valable du 18/08/2022 au 31/10/2022
Clérieux (26260),Crise,zone : GALAURE - DROME DES COLLINES (eaux superficielles)<br>arrêté valable du 18/08/2022 au 31/10/2022
Clérieux (26260),Crise,zone : GALAURE - DROME DES COLLINES (eaux souterraines)<br>arrêté valable du 18/08/2022 au 31/10/2022
Cobonne (26400),Crise,zone : DROME (eaux superficielles)<br>arrêté valable du 18/08/2022 au 31/10/2022
Cobonne (26400),Crise,zone : DROME (eaux souterraines)<br>arrêté valable du 18/08/2022 au 31/10/2022
Combovin (26120),Crise,zone : PLAINE DE - VALENCE (eaux superficielles)<br>arrêté valable du 18/08/2022 au 31/10/2022
Combovin (26120),Crise,zone : PLAINE DE VALENCE (eaux souterraines)<br>arrêté valable du 18/08/2022 au 31/10/2022
Comps (26220),Crise,zone : ROUBION - JABRON (eaux superficielles)<br>arrêté valable du 18/08/2022 au 31/10/2022
Comps (26220),Crise,zone : ROUBION - JABRON (eaux souterraines)<br>arrêté valable du 18/08/2022 au 31/10/2022
Condillac (26740),Crise,zone : ROUBION - JABRON (eaux superficielles)<br>arrêté valable du 18/08/2022 au 31/10/2022
Condillac (26740),Crise,zone : ROUBION - JABRON (eaux souterraines)<br>arrêté valable du 18/08/2022 au 31/10/2022
Crest (26400),Crise,zone : DROME (eaux superficielles)<br>arrêté valable du 18/08/2022 au 31/10/2022
Crest (26400),Crise,zone : DROME (eaux souterraines)<br>arrêté valable du 18/08/2022 au 31/10/2022
Crozes-Hermitage (26600),Crise,zone : GALAURE - DROME DES COLLINES (eaux superficielles)<br>arrêté valable du 18/08/2022 au 31/10/2022
Crozes-Hermitage (26600),Crise,zone : GALAURE - DROME DES COLLINES (eaux souterraines)<br>arrêté valable du 18/08/2022 au 31/10/2022
Crupies (26460),Crise,zone : ROUBION - JABRON (eaux superficielles)<br>arrêté valable du 18/08/2022 au 31/10/2022
Crupies (26460),Crise,zone : ROUBION - JABRON (eaux souterraines)<br>arrêté valable du 18/08/2022 au 31/10/2022
Crépol (26350),Crise,zone : GALAURE - DROME DES COLLINES (eaux superficielles)<br>arrêté valable du 18/08/2022 au 31/10/2022
Crépol (26350),Crise,zone : GALAURE - DROME DES COLLINES (eaux souterraines)<br>arrêté valable du 18/08/2022 au 31/10/2022
Die (26150),Crise,zone : DROME (eaux superficielles)<br>arrêté valable du 18/08/2022 au 31/10/2022
Die (26150),Crise,zone : DROME (eaux souterraines)<br>arrêté valable du 18/08/2022 au 31/10/2022
Dieulefit (26220),Crise,zone : ROUBION - JABRON (eaux superficielles)<br>arrêté valable du 18/08/2022 au 31/10/2022
Dieulefit (26220),Crise,zone : ROUBION - JABRON (eaux souterraines)<br>arrêté valable du 18/08/2022 au 31/10/2022
Divajeu (26400),Crise,zone : DROME (eaux superficielles)<br>arrêté valable du 18/08/2022 au 31/10/2022
Divajeu (26400),Crise,zone : DROME (eaux souterraines)<br>arrêté valable du 18/08/2022 au 31/10/2022
Espeluche (26780),Crise,zone : ROUBION - JABRON (eaux superficielles)<br>arrêté valable du 18/08/2022 au 31/10/2022
Espeluche (26780),Crise,zone : ROUBION - JABRON (eaux souterraines)<br>arrêté valable du 18/08/2022 au 31/10/2022
Espenel (26340),Crise,zone : DROME (eaux superficielles)<br>arrêté valable du 18/08/2022 au 31/10/2022
Espenel (26340),Crise,zone : DROME (eaux souterraines)<br>arrêté valable du 18/08/2022 au 31/10/2022
Eurre (26400),Crise,zone : DROME (eaux superficielles)<br>arrêté valable du 18/08/2022 au 31/10/2022
Eurre (26400),Crise,zone : DROME (eaux souterraines)<br>arrêté valable du 18/08/2022 au 31/10/2022
Eygalayes (26560),Crise,zone : MEOUGE (eaux superficielles)<br>arrêté valable du 18/08/2022 au 31/10/2022
Eygalayes (26560),Crise,zone : MEOUGE (eaux souterraines)<br>arrêté valable du 18/08/2022 au 31/10/2022
Eygluy-Escoulin (26400),Crise,zone : DROME (eaux superficielles)<br>arrêté valable du 18/08/2022 au 31/10/2022
Eygluy-Escoulin (26400),Crise,zone : DROME (eaux souterraines)<br>arrêté valable du 18/08/2022 au 31/10/2022
Eymeux (26730),Crise,zone : PLAINE DE - VALENCE (eaux superficielles)<br>arrêté valable du 18/08/2022 au 31/10/2022
Eymeux (26730),Crise,zone : PLAINE DE VALENCE (eaux souterraines)<br>arrêté valable du 18/08/2022 au 31/10/2022
Eyzahut (26160),Crise,zone : ROUBION - JABRON (eaux superficielles)<br>arrêté valable du 18/08/2022 au 31/10/2022
Eyzahut (26160),Crise,zone : ROUBION - JABRON (eaux souterraines)<br>arrêté valable du 18/08/2022 au 31/10/2022
Fay-le-Clos (26240),Crise,zone : GALAURE - DROME DES COLLINES (eaux superficielles)<br>arrêté valable du 18/08/2022 au 31/10/2022
Fay-le-Clos (26240),Crise,zone : GALAURE - DROME DES COLLINES (eaux souterraines)<br>arrêté valable du 18/08/2022 au 31/10/2022
Francillon-sur-Roubion (26400),Crise,zone : ROUBION - JABRON (eaux superficielles)<br>arrêté valable du 18/08/2022 au 31/10/2022
Francillon-sur-Roubion (26400),Crise,zone : ROUBION - JABRON (eaux souterraines)<br>arrêté valable du 18/08/2022 au 31/10/2022
Félines-sur-Rimandoule (26160),Crise,zone : ROUBION - JABRON (eaux superficielles)<br>arrêté valable du 18/08/2022 au 31/10/2022
Félines-sur-Rimandoule (26160),Crise,zone : ROUBION - JABRON (eaux souterraines)<br>arrêté valable du 18/08/2022 au 31/10/2022
Gervans (26600),Crise,zone : GALAURE - DROME DES COLLINES (eaux superficielles)<br>arrêté valable du 18/08/2022 au 31/10/2022
Gervans (26600),Crise,zone : GALAURE - DROME DES COLLINES (eaux souterraines)<br>arrêté valable du 18/08/2022 au 31/10/2022
Geyssans (26750),Crise,zone : GALAURE - DROME DES COLLINES (eaux superficielles)<br>arrêté valable du 18/08/2022 au 31/10/2022
Geyssans (26750),Crise,zone : GALAURE - DROME DES COLLINES (eaux souterraines)<br>arrêté valable du 18/08/2022 au 31/10/2022
Gigors-et-Lozeron (26400),Crise,zone : DROME (eaux superficielles)<br>arrêté valable du 18/08/2022 au 31/10/2022
Gigors-et-Lozeron (26400),Crise,zone : DROME (eaux souterraines)<br>arrêté valable du 18/08/2022 au 31/10/2022
Glandage (26410),Crise,zone : DROME (eaux superficielles)<br>arrêté valable du 18/08/2022 au 31/10/2022
Glandage (26410),Crise,zone : DROME (eaux souterraines)<br>arrêté valable du 18/08/2022 au 31/10/2022
Grane (26400),Crise,zone : DROME (eaux superficielles)<br>arrêté valable du 18/08/2022 au 31/10/2022
Grane (26400),Crise,zone : DROME (eaux souterraines)<br>arrêté valable du 18/08/2022 au 31/10/2022
Granges-les-Beaumont (26600),Crise,zone : GALAURE - DROME DES COLLINES (eaux superficielles)<br>arrêté valable du 18/08/2022 au 31/10/2022
Granges-les-Beaumont (26600),Crise,zone : GALAURE - DROME DES COLLINES (eaux souterraines)<br>arrêté valable du 18/08/2022 au 31/10/2022
Gumiane (26470),Crise,zone : DROME (eaux superficielles)<br>arrêté valable du 18/08/2022 au 31/10/2022
Gumiane (26470),Crise,zone : DROME (eaux souterraines)<br>arrêté valable du 18/08/2022 au 31/10/2022
Génissieux (26750),Crise,zone : GALAURE - DROME DES COLLINES (eaux superficielles)<br>arrêté valable du 18/08/2022 au 31/10/2022
Génissieux (26750),Crise,zone : GALAURE - DROME DES COLLINES (eaux souterraines)<br>arrêté valable du 18/08/2022 au 31/10/2022
Hauterives (26390),Crise,zone : GALAURE - DROME DES COLLINES (eaux superficielles)<br>arrêté valable du 18/08/2022 au 31/10/2022
Hauterives (26390),Crise,zone : GALAURE - DROME DES COLLINES (eaux souterraines)<br>arrêté valable du 18/08/2022 au 31/10/2022
Hostun (26730),Crise,zone : PLAINE DE - VALENCE (eaux superficielles)<br>arrêté valable du 18/08/2022 au 31/10/2022
Hostun (26730),Crise,zone : PLAINE DE VALENCE (eaux souterraines)<br>arrêté valable du 18/08/2022 au 31/10/2022
Izon-la-Bruisse (26560),Crise,zone : MEOUGE (eaux superficielles)<br>arrêté valable du 18/08/2022 au 31/10/2022
Izon-la-Bruisse (26560),Crise,zone : MEOUGE (eaux souterraines)<br>arrêté valable du 18/08/2022 au 31/10/2022
Jaillans (26300),Crise,zone : PLAINE DE - VALENCE (eaux superficielles)<br>arrêté valable du 18/08/2022 au 31/10/2022
Jaillans (26300),Crise,zone : PLAINE DE VALENCE (eaux souterraines)<br>arrêté valable du 18/08/2022 au 31/10/2022
Jonchères (26310),Crise,zone : DROME (eaux superficielles)<br>arrêté valable du 18/08/2022 au 31/10/2022
Jonchères (26310),Crise,zone : DROME (eaux souterraines)<br>arrêté valable du 18/08/2022 au 31/10/2022
La Baume-Cornillane (26120),Crise,zone : PLAINE DE - VALENCE (eaux superficielles)<br>arrêté valable du 18/08/2022 au 31/10/2022
La Baume-Cornillane (26120),Crise,zone : PLAINE DE VALENCE (eaux souterraines)<br>arrêté valable du 18/08/2022 au 31/10/2022
La Baume-d'Hostun (26730),Crise,zone : PLAINE DE - VALENCE (eaux superficielles)<br>arrêté valable du 18/08/2022 au 31/10/2022
La Baume-d'Hostun (26730),Crise,zone : PLAINE DE VALENCE (eaux souterraines)<br>arrêté valable du 18/08/2022 au 31/10/2022
La Bâtie-Rolland (26160),Crise,zone : ROUBION - JABRON (eaux superficielles)<br>arrêté valable du 18/08/2022 au 31/10/2022
La Bâtie-Rolland (26160),Crise,zone : ROUBION - JABRON (eaux souterraines)<br>arrêté valable du 18/08/2022 au 31/10/2022
La Bâtie-des-Fonds (26310),Crise,zone : DROME (eaux superficielles)<br>arrêté valable du 18/08/2022 au 31/10/2022
La Bâtie-des-Fonds (26310),Crise,zone : DROME (eaux souterraines)<br>arrêté valable du 18/08/2022 au 31/10/2022
La Bégude-de-Mazenc (26160),Crise,zone : ROUBION - JABRON (eaux superficielles)<br>arrêté valable du 18/08/2022 au 31/10/2022
La Bégude-de-Mazenc (26160),Crise,zone : ROUBION - JABRON (eaux souterraines)<br>arrêté valable du 18/08/2022 au 31/10/2022
La Chapelle-en-Vercors (26420),Crise,zone : ROYANS-VERCORS (eaux superficielles)<br>arrêté valable du 18/08/2022 au 31/10/2022
La Chapelle-en-Vercors (26420),Crise,zone : ROYANS-VERCORS (eaux souterraines)<br>arrêté valable du 18/08/2022 au 31/10/2022
La Chaudière (26340),Crise,zone : DROME (eaux superficielles)<br>arrêté valable du 18/08/2022 au 31/10/2022
La Chaudière (26340),Crise,zone : DROME (eaux souterraines)<br>arrêté valable du 18/08/2022 au 31/10/2022
La Coucourde (26740),Crise,zone : ROUBION - JABRON (eaux superficielles)<br>arrêté valable du 18/08/2022 au 31/10/2022
La Coucourde (26740),Crise,zone : ROUBION - JABRON (eaux souterraines)<br>arrêté valable du 18/08/2022 au 31/10/2022
La Garde-Adhémar (26700),Crise,zone : BERRE (eaux superficielles)<br>arrêté valable du 18/08/2022 au 31/10/2022
La Garde-Adhémar (26700),Crise,zone : BERRE (eaux souterraines)<br>arrêté valable du 18/08/2022 au 31/10/2022
La Laupie (26740),Crise,zone : ROUBION - JABRON (eaux superficielles)<br>arrêté valable du 18/08/2022 au 31/10/2022
La Laupie (26740),Crise,zone : ROUBION - JABRON (eaux souterraines)<br>arrêté valable du 18/08/2022 au 31/10/2022
La Motte-Fanjas (26190),Crise,zone : ROYANS-VERCORS (eaux superficielles)<br>arrêté valable du 18/08/2022 au 31/10/2022
La Motte-Fanjas (26190),Crise,zone : ROYANS-VERCORS (eaux souterraines)<br>arrêté valable du 18/08/2022 au 31/10/2022
La Roche-de-Glun (26600),Crise,zone : GALAURE - DROME DES COLLINES (eaux superficielles)<br>arrêté valable du 18/08/2022 au 31/10/2022
La Roche-de-Glun (26600),Crise,zone : GALAURE - DROME DES COLLINES (eaux souterraines)<br>arrêté valable du 18/08/2022 au 31/10/2022
La Roche-sur-Grane (26400),Crise,zone : DROME (eaux superficielles)<br>arrêté valable du 18/08/2022 au 31/10/2022
La Roche-sur-Grane (26400),Crise,zone : DROME (eaux souterraines)<br>arrêté valable du 18/08/2022 au 31/10/2022
La Répara-Auriples (26400),Crise,zone : DROME (eaux superficielles)<br>arrêté valable du 18/08/2022 au 31/10/2022
La Répara-Auriples (26400),Crise,zone : ROUBION - JABRON (eaux superficielles)<br>arrêté valable du 18/08/2022 au 31/10/2022
La Répara-Auriples (26400),Crise,zone : DROME (eaux souterraines)<br>arrêté valable du 18/08/2022 au 31/10/2022
La Répara-Auriples (26400),Crise,zone : ROUBION - JABRON (eaux souterraines)<br>arrêté valable du 18/08/2022 au 31/10/2022
La Touche (26160),Crise,zone : ROUBION - JABRON (eaux superficielles)<br>arrêté valable du 18/08/2022 au 31/10/2022
La Touche (26160),Crise,zone : ROUBION - JABRON (eaux souterraines)<br>arrêté valable du 18/08/2022 au 31/10/2022
Laborel (26560),Crise,zone : MEOUGE (eaux superficielles)<br>arrêté valable du 18/08/2022 au 31/10/2022
Laborel (26560),Crise,zone : MEOUGE (eaux souterraines)<br>arrêté valable du 18/08/2022 au 31/10/2022
Lachau (26560),Crise,zone : MEOUGE (eaux superficielles)<br>arrêté valable du 18/08/2022 au 31/10/2022
Lachau (26560),Crise,zone : MEOUGE (eaux souterraines)<br>arrêté valable du 18/08/2022 au 31/10/2022
Lapeyrouse-Mornay (26210),Crise,zone : VALLOIRE (eaux superficielles)<br>arrêté valable du 18/08/2022 au 30/09/2022
Lapeyrouse-Mornay (26210),Alerte,zone : VALLOIRE (eaux souterraines)<br>arrêté valable du 18/08/2022 au 30/09/2022
Larnage (26600),Crise,zone : GALAURE - DROME DES COLLINES (eaux superficielles)<br>arrêté valable du 18/08/2022 au 31/10/2022
Larnage (26600),Crise,zone : GALAURE - DROME DES COLLINES (eaux souterraines)<br>arrêté valable du 18/08/2022 au 31/10/2022
Laval-d'Aix (26150),Crise,zone : DROME (eaux superficielles)<br>arrêté valable du 18/08/2022 au 31/10/2022
Laval-d'Aix (26150),Crise,zone : DROME (eaux souterraines)<br>arrêté valable du 18/08/2022 au 31/10/2022
Laveyron (26240),Crise,zone : GALAURE - DROME DES COLLINES (eaux superficielles)<br>arrêté valable du 18/08/2022 au 31/10/2022
Laveyron (26240),Crise,zone : GALAURE - DROME DES COLLINES (eaux souterraines)<br>arrêté valable du 18/08/2022 au 31/10/2022
Laveyron (26240),Crise,zone : VALLOIRE (eaux superficielles)<br>arrêté valable du 18/08/2022 au 30/09/2022
Laveyron (26240),Alerte,zone : VALLOIRE (eaux souterraines)<br>arrêté valable du 18/08/2022 au 30/09/2022
Le Chaffal (26190),Crise,zone : DROME (eaux superficielles)<br>arrêté valable du 18/08/2022 au 31/10/2022
Le Chaffal (26190),Crise,zone : DROME (eaux souterraines)<br>arrêté valable du 18/08/2022 au 31/10/2022
Le Chalon (26350),Crise,zone : GALAURE - DROME DES COLLINES (eaux superficielles)<br>arrêté valable du 18/08/2022 au 31/10/2022
Le Chalon (26350),Crise,zone : GALAURE - DROME DES COLLINES (eaux souterraines)<br>arrêté valable du 18/08/2022 au 31/10/2022
Le Grand-Serre (26530),Crise,zone : GALAURE - DROME DES COLLINES (eaux superficielles)<br>arrêté valable du 18/08/2022 au 31/10/2022
Le Grand-Serre (26530),Crise,zone : GALAURE - DROME DES COLLINES (eaux souterraines)<br>arrêté valable du 18/08/2022 au 31/10/2022
Le Poët-Célard (26460),Crise,zone : ROUBION - JABRON (eaux superficielles)<br>arrêté valable du 18/08/2022 au 31/10/2022
Le Poët-Célard (26460),Crise,zone : ROUBION - JABRON (eaux souterraines)<br>arrêté valable du 18/08/2022 au 31/10/2022
Le Poët-Laval (26160),Crise,zone : ROUBION - JABRON (eaux superficielles)<br>arrêté valable du 18/08/2022 au 31/10/2022
Le Poët-Laval (26160),Crise,zone : ROUBION - JABRON (eaux souterraines)<br>arrêté valable du 18/08/2022 au 31/10/2022
Lens-Lestang (26210),Crise,zone : VALLOIRE (eaux superficielles)<br>arrêté valable du 18/08/2022 au 30/09/2022
Lens-Lestang (26210),Alerte,zone : VALLOIRE (eaux souterraines)<br>arrêté valable du 18/08/2022 au 30/09/2022
Les Granges-Gontardes (26290),Crise,zone : BERRE (eaux superficielles)<br>arrêté valable du 18/08/2022 au 31/10/2022
Les Granges-Gontardes (26290),Crise,zone : BERRE (eaux souterraines)<br>arrêté valable du 18/08/2022 au 31/10/2022
Les Prés (26310),Crise,zone : DROME (eaux superficielles)<br>arrêté valable du 18/08/2022 au 31/10/2022
Les Prés (26310),Crise,zone : DROME (eaux souterraines)<br>arrêté valable du 18/08/2022 au 31/10/2022
Les Tonils (26460),Crise,zone : ROUBION - JABRON (eaux superficielles)<br>arrêté valable du 18/08/2022 au 31/10/2022
Les Tonils (26460),Crise,zone : ROUBION - JABRON (eaux souterraines)<br>arrêté valable du 18/08/2022 au 31/10/2022
Les Tourrettes (26740),Crise,zone : ROUBION - JABRON (eaux superficielles)<br>arrêté valable du 18/08/2022 au 31/10/2022
Les Tourrettes (26740),Crise,zone : ROUBION - JABRON (eaux souterraines)<br>arrêté valable du 18/08/2022 au 31/10/2022
Lesches-en-Diois (26310),Crise,zone : DROME (eaux superficielles)<br>arrêté valable du 18/08/2022 au 31/10/2022
Lesches-en-Diois (26310),Crise,zone : DROME (eaux souterraines)<br>arrêté valable du 18/08/2022 au 31/10/2022
Livron-sur-Drôme (26250),Crise,zone : DROME (eaux superficielles)<br>arrêté valable du 18/08/2022 au 31/10/2022
Livron-sur-Drôme (26250),Crise,zone : DROME (eaux souterraines)<br>arrêté valable du 18/08/2022 au 31/10/2022
Loriol-sur-Drôme (26270),Crise,zone : DROME (eaux superficielles)<br>arrêté valable du 18/08/2022 au 31/10/2022
Loriol-sur-Drôme (26270),Crise,zone : DROME (eaux souterraines)<br>arrêté valable du 18/08/2022 au 31/10/2022
Luc-en-Diois (26310),Crise,zone : DROME (eaux superficielles)<br>arrêté valable du 18/08/2022 au 31/10/2022
Luc-en-Diois (26310),Crise,zone : DROME (eaux souterraines)<br>arrêté valable du 18/08/2022 au 31/10/2022
Lus-la-Croix-Haute (26620),Crise,zone : DROME (eaux superficielles)<br>arrêté valable du 18/08/2022 au 31/10/2022
Lus-la-Croix-Haute (26620),Crise,zone : DROME (eaux souterraines)<br>arrêté valable du 18/08/2022 au 31/10/2022
Léoncel (26190),Crise,zone : ROYANS-VERCORS (eaux superficielles)<br>arrêté valable du 18/08/2022 au 31/10/2022
Léoncel (26190),Crise,zone : ROYANS-VERCORS (eaux souterraines)<br>arrêté valable du 18/08/2022 au 31/10/2022
Malissard (26120),Crise,zone : PLAINE DE - VALENCE (eaux superficielles)<br>arrêté valable du 18/08/2022 au 31/10/2022
Malissard (26120),Crise,zone : PLAINE DE VALENCE (eaux souterraines)<br>arrêté valable du 18/08/2022 au 31/10/2022
Manas (26160),Crise,zone : ROUBION - JABRON (eaux superficielles)<br>arrêté valable du 18/08/2022 au 31/10/2022
Manas (26160),Crise,zone : ROUBION - JABRON (eaux souterraines)<br>arrêté valable du 18/08/2022 au 31/10/2022
Manthes (26210),Crise,zone : VALLOIRE (eaux superficielles)<br>arrêté valable du 18/08/2022 au 30/09/2022
Manthes (26210),Alerte,zone : VALLOIRE (eaux souterraines)<br>arrêté valable du 18/08/2022 au 30/09/2022
Marches (26300),Crise,zone : PLAINE DE - VALENCE (eaux superficielles)<br>arrêté valable du 18/08/2022 au 31/10/2022
Marches (26300),Crise,zone : PLAINE DE VALENCE (eaux souterraines)<br>arrêté valable du 18/08/2022 au 31/10/2022
Margès (26260),Crise,zone : GALAURE - DROME DES COLLINES (eaux superficielles)<br>arrêté valable du 18/08/2022 au 31/10/2022
Margès (26260),Crise,zone : GALAURE - DROME DES COLLINES (eaux souterraines)<br>arrêté valable du 18/08/2022 au 31/10/2022
Marignac-en-Diois (26150),Crise,zone : DROME (eaux superficielles)<br>arrêté valable du 18/08/2022 au 31/10/2022
Marignac-en-Diois (26150),Crise,zone : DROME (eaux souterraines)<br>arrêté valable du 18/08/2022 au 31/10/2022
Marsanne (26740),Crise,zone : ROUBION - JABRON (eaux superficielles)<br>arrêté valable du 18/08/2022 au 31/10/2022
Marsanne (26740),Crise,zone : ROUBION - JABRON (eaux souterraines)<br>arrêté valable du 18/08/2022 au 31/10/2022
Marsaz (26260),Crise,zone : GALAURE - DROME DES COLLINES (eaux superficielles)<br>arrêté valable du 18/08/2022 au 31/10/2022
Marsaz (26260),Crise,zone : GALAURE - DROME DES COLLINES (eaux souterraines)<br>arrêté valable du 18/08/2022 au 31/10/2022
Menglon (26410),Crise,zone : DROME (eaux superficielles)<br>arrêté valable du 18/08/2022 au 31/10/2022
Menglon (26410),Crise,zone : DROME (eaux souterraines)<br>arrêté valable du 18/08/2022 au 31/10/2022
Mercurol-Veaunes (26600),Crise,zone : GALAURE - DROME DES COLLINES (eaux superficielles)<br>arrêté valable du 18/08/2022 au 31/10/2022
Mercurol-Veaunes (26600),Crise,zone : GALAURE - DROME DES COLLINES (eaux souterraines)<br>arrêté valable du 18/08/2022 au 31/10/2022
Mirabel-et-Blacons (26400),Crise,zone : DROME (eaux superficielles)<br>arrêté valable du 18/08/2022 au 31/10/2022
Mirabel-et-Blacons (26400),Crise,zone : DROME (eaux souterraines)<br>arrêté valable du 18/08/2022 au 31/10/2022
Mirmande (26270),Crise,zone : DROME (eaux superficielles)<br>arrêté valable du 18/08/2022 au 31/10/2022
Mirmande (26270),Crise,zone : DROME (eaux souterraines)<br>arrêté valable du 18/08/2022 au 31/10/2022
Miscon (26310),Crise,zone : DROME (eaux superficielles)<br>arrêté valable du 18/08/2022 au 31/10/2022
Miscon (26310),Crise,zone : DROME (eaux souterraines)<br>arrêté valable du 18/08/2022 au 31/10/2022
Montboucher-sur-Jabron (26740),Crise,zone : ROUBION - JABRON (eaux superficielles)<br>arrêté valable du 18/08/2022 au 31/10/2022
Montboucher-sur-Jabron (26740),Crise,zone : ROUBION - JABRON (eaux souterraines)<br>arrêté valable du 18/08/2022 au 31/10/2022
Montchenu (26350),Crise,zone : GALAURE - DROME DES COLLINES (eaux superficielles)<br>arrêté valable du 18/08/2022 au 31/10/2022
Montchenu (26350),Crise,zone : GALAURE - DROME DES COLLINES (eaux souterraines)<br>arrêté valable du 18/08/2022 au 31/10/2022
Montclar-sur-Gervanne (26400),Crise,zone : DROME (eaux superficielles)<br>arrêté valable du 18/08/2022 au 31/10/2022
Montclar-sur-Gervanne (26400),Crise,zone : DROME (eaux souterraines)<br>arrêté valable du 18/08/2022 au 31/10/2022
Montfroc (26560),Crise,zone : MEOUGE (eaux superficielles)<br>arrêté valable du 18/08/2022 au 31/10/2022
Montfroc (26560),Crise,zone : MEOUGE (eaux souterraines)<br>arrêté valable du 18/08/2022 au 31/10/2022
Montjoyer (26230),Crise,zone : BERRE (eaux superficielles)<br>arrêté valable du 18/08/2022 au 31/10/2022
Montjoyer (26230),Crise,zone : ROUBION - JABRON (eaux superficielles)<br>arrêté valable du 18/08/2022 au 31/10/2022
Montjoyer (26230),Crise,zone : BERRE (eaux souterraines)<br>arrêté valable du 18/08/2022 au 31/10/2022
Montjoyer (26230),Crise,zone : ROUBION - JABRON (eaux souterraines)<br>arrêté valable du 18/08/2022 au 31/10/2022
Montlaur-en-Diois (26310),Crise,zone : DROME (eaux superficielles)<br>arrêté valable du 18/08/2022 au 31/10/2022
Montlaur-en-Diois (26310),Crise,zone : DROME (eaux souterraines)<br>arrêté valable du 18/08/2022 au 31/10/2022
Montmaur-en-Diois (26150),Crise,zone : DROME (eaux superficielles)<br>arrêté valable du 18/08/2022 au 31/10/2022
Montmaur-en-Diois (26150),Crise,zone : DROME (eaux souterraines)<br>arrêté valable du 18/08/2022 au 31/10/2022
Montmeyran (26120),Crise,zone : PLAINE DE - VALENCE (eaux superficielles)<br>arrêté valable du 18/08/2022 au 31/10/2022
Montmeyran (26120),Crise,zone : PLAINE DE VALENCE (eaux souterraines)<br>arrêté valable du 18/08/2022 au 31/10/2022
Montmiral (26750),Crise,zone : GALAURE - DROME DES COLLINES (eaux superficielles)<br>arrêté valable du 18/08/2022 au 31/10/2022
Montmiral (26750),Crise,zone : GALAURE - DROME DES COLLINES (eaux souterraines)<br>arrêté valable du 18/08/2022 au 31/10/2022
Montoison (26800),Crise,zone : PLAINE DE - VALENCE (eaux superficielles)<br>arrêté valable du 18/08/2022 au 31/10/2022
Montoison (26800),Crise,zone : PLAINE DE VALENCE (eaux souterraines)<br>arrêté valable du 18/08/2022 au 31/10/2022
Montvendre (26120),Crise,zone : PLAINE DE - VALENCE (eaux superficielles)<br>arrêté valable du 18/08/2022 au 31/10/2022
Montvendre (26120),Crise,zone : PLAINE DE VALENCE (eaux souterraines)<br>arrêté valable du 18/08/2022 au 31/10/2022
Montélier (26120),Crise,zone : PLAINE DE - VALENCE (eaux superficielles)<br>arrêté valable du 18/08/2022 au 31/10/2022
Montélier (26120),Crise,zone : PLAINE DE VALENCE (eaux souterraines)<br>arrêté valable du 18/08/2022 au 31/10/2022
Montélimar (26200),Crise,zone : ROUBION - JABRON (eaux superficielles)<br>arrêté valable du 18/08/2022 au 31/10/2022
Montélimar (26200),Crise,zone : ROUBION - JABRON (eaux souterraines)<br>arrêté valable du 18/08/2022 au 31/10/2022
Montéléger (26760),Crise,zone : PLAINE DE - VALENCE (eaux superficielles)<br>arrêté valable du 18/08/2022 au 31/10/2022
Montéléger (26760),Crise,zone : PLAINE DE VALENCE (eaux souterraines)<br>arrêté valable du 18/08/2022 au 31/10/2022
Moras-en-Valloire (26210),Crise,zone : VALLOIRE (eaux superficielles)<br>arrêté valable du 18/08/2022 au 30/09/2022
Moras-en-Valloire (26210),Alerte,zone : VALLOIRE (eaux souterraines)<br>arrêté valable du 18/08/2022 au 30/09/2022
Mornans (26460),Crise,zone : ROUBION - JABRON (eaux superficielles)<br>arrêté valable du 18/08/2022 au 31/10/2022
Mornans (26460),Crise,zone : ROUBION - JABRON (eaux souterraines)<br>arrêté valable du 18/08/2022 au 31/10/2022
Mours-Saint-Eusèbe (26540),Crise,zone : GALAURE - DROME DES COLLINES (eaux superficielles)<br>arrêté valable du 18/08/2022 au 31/10/2022
Mours-Saint-Eusèbe (26540),Crise,zone : GALAURE - DROME DES COLLINES (eaux souterraines)<br>arrêté valable du 18/08/2022 au 31/10/2022
Omblèze (26400),Crise,zone : DROME (eaux superficielles)<br>arrêté valable du 18/08/2022 au 31/10/2022
Omblèze (26400),Crise,zone : DROME (eaux souterraines)<br>arrêté valable du 18/08/2022 au 31/10/2022
Orcinas (26220),Crise,zone : ROUBION - JABRON (eaux superficielles)<br>arrêté valable du 18/08/2022 au 31/10/2022
Orcinas (26220),Crise,zone : ROUBION - JABRON (eaux souterraines)<br>arrêté valable du 18/08/2022 au 31/10/2022
Oriol-en-Royans (26190),Crise,zone : ROYANS-VERCORS (eaux superficielles)<br>arrêté valable du 18/08/2022 au 31/10/2022
Oriol-en-Royans (26190),Crise,zone : ROYANS-VERCORS (eaux souterraines)<br>arrêté valable du 18/08/2022 au 31/10/2022
Ourches (26120),Crise,zone : DROME (eaux superficielles)<br>arrêté valable du 18/08/2022 au 31/10/2022
Ourches (26120),Crise,zone : PLAINE DE - VALENCE (eaux superficielles)<br>arrêté valable du 18/08/2022 au 31/10/2022
Ourches (26120),Crise,zone : DROME (eaux souterraines)<br>arrêté valable du 18/08/2022 au 31/10/2022
Ourches (26120),Crise,zone : PLAINE DE VALENCE (eaux souterraines)<br>arrêté valable du 18/08/2022 au 31/10/2022
Parnans (26750),Crise,zone : GALAURE - DROME DES COLLINES (eaux superficielles)<br>arrêté valable du 18/08/2022 au 31/10/2022
Parnans (26750),Crise,zone : GALAURE - DROME DES COLLINES (eaux souterraines)<br>arrêté valable du 18/08/2022 au 31/10/2022
Pennes-le-Sec (26340),Crise,zone : DROME (eaux superficielles)<br>arrêté valable du 18/08/2022 au 31/10/2022
Pennes-le-Sec (26340),Crise,zone : DROME (eaux souterraines)<br>arrêté valable du 18/08/2022 au 31/10/2022
Peyrins (26380),Crise,zone : GALAURE - DROME DES COLLINES (eaux superficielles)<br>arrêté valable du 18/08/2022 au 31/10/2022
Peyrins (26380),Crise,zone : GALAURE - DROME DES COLLINES (eaux souterraines)<br>arrêté valable du 18/08/2022 au 31/10/2022
Peyrus (26120),Crise,zone : PLAINE DE - VALENCE (eaux superficielles)<br>arrêté valable du 18/08/2022 au 31/10/2022
Peyrus (26120),Crise,zone : PLAINE DE VALENCE (eaux souterraines)<br>arrêté valable du 18/08/2022 au 31/10/2022
Piégros-la-Clastre (26400),Crise,zone : DROME (eaux superficielles)<br>arrêté valable du 18/08/2022 au 31/10/2022
Piégros-la-Clastre (26400),Crise,zone : DROME (eaux souterraines)<br>arrêté valable du 18/08/2022 au 31/10/2022
Plan-de-Baix (26400),Crise,zone : DROME (eaux superficielles)<br>arrêté valable du 18/08/2022 au 31/10/2022
Plan-de-Baix (26400),Crise,zone : DROME (eaux souterraines)<br>arrêté valable du 18/08/2022 au 31/10/2022
Ponet-et-Saint-Auban (26150),Crise,zone : DROME (eaux superficielles)<br>arrêté valable du 18/08/2022 au 31/10/2022
Ponet-et-Saint-Auban (26150),Crise,zone : DROME (eaux souterraines)<br>arrêté valable du 18/08/2022 au 31/10/2022
Ponsas (26240),Crise,zone : GALAURE - DROME DES COLLINES (eaux superficielles)<br>arrêté valable du 18/08/2022 au 31/10/2022
Ponsas (26240),Crise,zone : GALAURE - DROME DES COLLINES (eaux souterraines)<br>arrêté valable du 18/08/2022 au 31/10/2022
Pont-de-Barret (26160),Crise,zone : ROUBION - JABRON (eaux superficielles)<br>arrêté valable du 18/08/2022 au 31/10/2022
Pont-de-Barret (26160),Crise,zone : ROUBION - JABRON (eaux souterraines)<br>arrêté valable du 18/08/2022 au 31/10/2022
Pont-de-l'Isère (26600),Crise,zone : GALAURE - DROME DES COLLINES (eaux superficielles)<br>arrêté valable du 18/08/2022 au 31/10/2022
Pont-de-l'Isère (26600),Crise,zone : GALAURE - DROME DES COLLINES (eaux souterraines)<br>arrêté valable du 18/08/2022 au 31/10/2022
Pontaix (26150),Crise,zone : DROME (eaux superficielles)<br>arrêté valable du 18/08/2022 au 31/10/2022
Pontaix (26150),Crise,zone : DROME (eaux souterraines)<br>arrêté valable du 18/08/2022 au 31/10/2022
Portes-en-Valdaine (26160),Crise,zone : ROUBION - JABRON (eaux superficielles)<br>arrêté valable du 18/08/2022 au 31/10/2022
Portes-en-Valdaine (26160),Crise,zone : ROUBION - JABRON (eaux souterraines)<br>arrêté valable du 18/08/2022 au 31/10/2022
Portes-lès-Valence (26800),Crise,zone : PLAINE DE - VALENCE (eaux superficielles)<br>arrêté valable du 18/08/2022 au 31/10/2022
Portes-lès-Valence (26800),Crise,zone : PLAINE DE VALENCE (eaux souterraines)<br>arrêté valable du 18/08/2022 au 31/10/2022
Poyols (26310),Crise,zone : DROME (eaux superficielles)<br>arrêté valable du 18/08/2022 au 31/10/2022
Poyols (26310),Crise,zone : DROME (eaux souterraines)<br>arrêté valable du 18/08/2022 au 31/10/2022
Pradelle (26340),Crise,zone : DROME (eaux superficielles)<br>arrêté valable du 18/08/2022 au 31/10/2022
Pradelle (26340),Crise,zone : DROME (eaux souterraines)<br>arrêté valable du 18/08/2022 au 31/10/2022
Puy-Saint-Martin (26450),Crise,zone : ROUBION - JABRON (eaux superficielles)<br>arrêté valable du 18/08/2022 au 31/10/2022
Puy-Saint-Martin (26450),Crise,zone : ROUBION - JABRON (eaux souterraines)<br>arrêté valable du 18/08/2022 au 31/10/2022
Puygiron (26160),Crise,zone : ROUBION - JABRON (eaux superficielles)<br>arrêté valable du 18/08/2022 au 31/10/2022
Puygiron (26160),Crise,zone : ROUBION - JABRON (eaux souterraines)<br>arrêté valable du 18/08/2022 au 31/10/2022
Ratières (26330),Crise,zone : GALAURE - DROME DES COLLINES (eaux superficielles)<br>arrêté valable du 18/08/2022 au 31/10/2022
Ratières (26330),Crise,zone : GALAURE - DROME DES COLLINES (eaux souterraines)<br>arrêté valable du 18/08/2022 au 31/10/2022
Recoubeau-Jansac (26310),Crise,zone : DROME (eaux superficielles)<br>arrêté valable du 18/08/2022 au 31/10/2022
Recoubeau-Jansac (26310),Crise,zone : DROME (eaux souterraines)<br>arrêté valable du 18/08/2022 au 31/10/2022
Rimon-et-Savel (26340),Crise,zone : DROME (eaux superficielles)<br>arrêté valable du 18/08/2022 au 31/10/2022
Rimon-et-Savel (26340),Crise,zone : DROME (eaux souterraines)<br>arrêté valable du 18/08/2022 au 31/10/2022
Rochebaudin (26160),Crise,zone : ROUBION - JABRON (eaux superficielles)<br>arrêté valable du 18/08/2022 au 31/10/2022
Rochebaudin (26160),Crise,zone : ROUBION - JABRON (eaux souterraines)<br>arrêté valable du 18/08/2022 au 31/10/2022
Rochechinard (26190),Crise,zone : ROYANS-VERCORS (eaux superficielles)<br>arrêté valable du 18/08/2022 au 31/10/2022
Rochechinard (26190),Crise,zone : ROYANS-VERCORS (eaux souterraines)<br>arrêté valable du 18/08/2022 au 31/10/2022
Rochefort-Samson (26300),Crise,zone : PLAINE DE - VALENCE (eaux superficielles)<br>arrêté valable du 18/08/2022 au 31/10/2022
Rochefort-Samson (26300),Crise,zone : PLAINE DE VALENCE (eaux souterraines)<br>arrêté valable du 18/08/2022 au 31/10/2022
Rochefort-en-Valdaine (26160),Crise,zone : ROUBION - JABRON (eaux superficielles)<br>arrêté valable du 18/08/2022 au 31/10/2022
Rochefort-en-Valdaine (26160),Crise,zone : ROUBION - JABRON (eaux souterraines)<br>arrêté valable du 18/08/2022 au 31/10/2022
Rochefourchat (26340),Crise,zone : DROME (eaux superficielles)<br>arrêté valable du 18/08/2022 au 31/10/2022
Rochefourchat (26340),Crise,zone : DROME (eaux souterraines)<br>arrêté valable du 18/08/2022 au 31/10/2022
Romans-sur-Isère (26100),Crise,zone : GALAURE - DROME DES COLLINES (eaux superficielles)<br>arrêté valable du 18/08/2022 au 31/10/2022
Romans-sur-Isère (26100),Crise,zone : GALAURE - DROME DES COLLINES (eaux souterraines)<br>arrêté valable du 18/08/2022 au 31/10/2022
Romeyer (26150),Crise,zone : DROME (eaux superficielles)<br>arrêté valable du 18/08/2022 au 31/10/2022
Romeyer (26150),Crise,zone : DROME (eaux souterraines)<br>arrêté valable du 18/08/2022 au 31/10/2022
Roussas (26230),Crise,zone : BERRE (eaux superficielles)<br>arrêté valable du 18/08/2022 au 31/10/2022
Roussas (26230),Crise,zone : BERRE (eaux souterraines)<br>arrêté valable du 18/08/2022 au 31/10/2022
Roynac (26450),Crise,zone : ROUBION - JABRON (eaux superficielles)<br>arrêté valable du 18/08/2022 au 31/10/2022
Roynac (26450),Crise,zone : ROUBION - JABRON (eaux souterraines)<br>arrêté valable du 18/08/2022 au 31/10/2022
Réauville (26230),Crise,zone : BERRE (eaux superficielles)<br>arrêté valable du 18/08/2022 au 31/10/2022
Réauville (26230),Crise,zone : BERRE (eaux souterraines)<br>arrêté valable du 18/08/2022 au 31/10/2022
Saillans (26340),Crise,zone : DROME (eaux superficielles)<br>arrêté valable du 18/08/2022 au 31/10/2022
Saillans (26340),Crise,zone : DROME (eaux souterraines)<br>arrêté valable du 18/08/2022 au 31/10/2022
Saint-Agnan-en-Vercors (26420),Crise,zone : ROYANS-VERCORS (eaux superficielles)<br>arrêté valable du 18/08/2022 au 31/10/2022
Saint-Agnan-en-Vercors (26420),Crise,zone : ROYANS-VERCORS (eaux souterraines)<br>arrêté valable du 18/08/2022 au 31/10/2022
Saint-Andéol (26150),Crise,zone : DROME (eaux superficielles)<br>arrêté valable du 18/08/2022 au 31/10/2022
Saint-Andéol (26150),Crise,zone : DROME (eaux souterraines)<br>arrêté valable du 18/08/2022 au 31/10/2022
Saint-Avit (26330),Crise,zone : GALAURE - DROME DES COLLINES (eaux superficielles)<br>arrêté valable du 18/08/2022 au 31/10/2022
Saint-Avit (26330),Crise,zone : GALAURE - DROME DES COLLINES (eaux souterraines)<br>arrêté valable du 18/08/2022 au 31/10/2022
Saint-Bardoux (26260),Crise,zone : GALAURE - DROME DES COLLINES (eaux superficielles)<br>arrêté valable du 18/08/2022 au 31/10/2022
Saint-Bardoux (26260),Crise,zone : GALAURE - DROME DES COLLINES (eaux souterraines)<br>arrêté valable du 18/08/2022 au 31/10/2022
Saint-Barthélemy-de-Vals (26240),Crise,zone : GALAURE - DROME DES COLLINES (eaux superficielles)<br>arrêté valable du 18/08/2022 au 31/10/2022
Saint-Barthélemy-de-Vals (26240),Crise,zone : GALAURE - DROME DES COLLINES (eaux souterraines)<br>arrêté valable du 18/08/2022 au 31/10/2022
Saint-Benoit-en-Diois (26340),Crise,zone : DROME (eaux superficielles)<br>arrêté valable du 18/08/2022 au 31/10/2022
Saint-Benoit-en-Diois (26340),Crise,zone : DROME (eaux souterraines)<br>arrêté valable du 18/08/2022 au 31/10/2022
Saint-Christophe-et-le-Laris (26350),Crise,zone : GALAURE - DROME DES COLLINES (eaux superficielles)<br>arrêté valable du 18/08/2022 au 31/10/2022
Saint-Christophe-et-le-Laris (26350),Crise,zone : GALAURE - DROME DES COLLINES (eaux souterraines)<br>arrêté valable du 18/08/2022 au 31/10/2022
Saint-Donat-sur-l'Herbasse (26260),Crise,zone : GALAURE - DROME DES COLLINES (eaux superficielles)<br>arrêté valable du 18/08/2022 au 31/10/2022
Saint-Donat-sur-l'Herbasse (26260),Crise,zone : GALAURE - DROME DES COLLINES (eaux souterraines)<br>arrêté valable du 18/08/2022 au 31/10/2022
Saint-Gervais-sur-Roubion (26160),Crise,zone : ROUBION - JABRON (eaux superficielles)<br>arrêté valable du 18/08/2022 au 31/10/2022
Saint-Gervais-sur-Roubion (26160),Crise,zone : ROUBION - JABRON (eaux souterraines)<br>arrêté valable du 18/08/2022 au 31/10/2022
Saint-Jean-de-Galaure (26240),Crise,zone : GALAURE - DROME DES COLLINES (eaux superficielles)<br>arrêté valable du 18/08/2022 au 31/10/2022
Saint-Jean-de-Galaure (26240),Crise,zone : GALAURE - DROME DES COLLINES (eaux souterraines)<br>arrêté valable du 18/08/2022 au 31/10/2022
Saint-Jean-en-Royans (26190),Crise,zone : ROYANS-VERCORS (eaux superficielles)<br>arrêté valable du 18/08/2022 au 31/10/2022
Saint-Jean-en-Royans (26190),Crise,zone : ROYANS-VERCORS (eaux souterraines)<br>arrêté valable du 18/08/2022 au 31/10/2022
Saint-Julien-en-Quint (26150),Crise,zone : DROME (eaux superficielles)<br>arrêté valable du 18/08/2022 au 31/10/2022
Saint-Julien-en-Quint (26150),Crise,zone : DROME (eaux souterraines)<br>arrêté valable du 18/08/2022 au 31/10/2022
Saint-Julien-en-Vercors (26420),Crise,zone : ROYANS-VERCORS (eaux superficielles)<br>arrêté valable du 18/08/2022 au 31/10/2022
Saint-Julien-en-Vercors (26420),Crise,zone : ROYANS-VERCORS (eaux souterraines)<br>arrêté valable du 18/08/2022 au 31/10/2022
Saint-Laurent-d'Onay (26350),Crise,zone : GALAURE - DROME DES COLLINES (eaux superficielles)<br>arrêté valable du 18/08/2022 au 31/10/2022
Saint-Laurent-d'Onay (26350),Crise,zone : GALAURE - DROME DES COLLINES (eaux souterraines)<br>arrêté valable du 18/08/2022 au 31/10/2022
Saint-Laurent-en-Royans (26190),Crise,zone : ROYANS-VERCORS (eaux superficielles)<br>arrêté valable du 18/08/2022 au 31/10/2022
Saint-Laurent-en-Royans (26190),Crise,zone : ROYANS-VERCORS (eaux souterraines)<br>arrêté valable du 18/08/2022 au 31/10/2022
Saint-Marcel-lès-Sauzet (26740),Crise,zone : ROUBION - JABRON (eaux superficielles)<br>arrêté valable du 18/08/2022 au 31/10/2022
Saint-Marcel-lès-Sauzet (26740),Crise,zone : ROUBION - JABRON (eaux souterraines)<br>arrêté valable du 18/08/2022 au 31/10/2022
Saint-Marcel-lès-Valence (26320),Crise,zone : PLAINE DE - VALENCE (eaux superficielles)<br>arrêté valable du 18/08/2022 au 31/10/2022
Saint-Marcel-lès-Valence (26320),Crise,zone : PLAINE DE VALENCE (eaux souterraines)<br>arrêté valable du 18/08/2022 au 31/10/2022
Saint-Martin-d'Août (26330),Crise,zone : GALAURE - DROME DES COLLINES (eaux superficielles)<br>arrêté valable du 18/08/2022 au 31/10/2022
Saint-Martin-d'Août (26330),Crise,zone : GALAURE - DROME DES COLLINES (eaux souterraines)<br>arrêté valable du 18/08/2022 au 31/10/2022
Saint-Martin-en-Vercors (26420),Crise,zone : ROYANS-VERCORS (eaux superficielles)<br>arrêté valable du 18/08/2022 au 31/10/2022
Saint-Martin-en-Vercors (26420),Crise,zone : ROYANS-VERCORS (eaux souterraines)<br>arrêté valable du 18/08/2022 au 31/10/2022
Saint-Martin-le-Colonel (26190),Crise,zone : ROYANS-VERCORS (eaux superficielles)<br>arrêté valable du 18/08/2022 au 31/10/2022
Saint-Martin-le-Colonel (26190),Crise,zone : ROYANS-VERCORS (eaux souterraines)<br>arrêté valable du 18/08/2022 au 31/10/2022
Saint-Michel-sur-Savasse (26750),Crise,zone : GALAURE - DROME DES COLLINES (eaux superficielles)<br>arrêté valable du 18/08/2022 au 31/10/2022
Saint-Michel-sur-Savasse (26750),Crise,zone : GALAURE - DROME DES COLLINES (eaux souterraines)<br>arrêté valable du 18/08/2022 au 31/10/2022
Saint-Nazaire-en-Royans (26190),Crise,zone : PLAINE DE - VALENCE (eaux superficielles)<br>arrêté valable du 18/08/2022 au 31/10/2022
Saint-Nazaire-en-Royans (26190),Crise,zone : ROYANS-VERCORS (eaux superficielles)<br>arrêté valable du 18/08/2022 au 31/10/2022
Saint-Nazaire-en-Royans (26190),Crise,zone : PLAINE DE VALENCE (eaux souterraines)<br>arrêté valable du 18/08/2022 au 31/10/2022
Saint-Nazaire-en-Royans (26190),Crise,zone : ROYANS-VERCORS (eaux souterraines)<br>arrêté valable du 18/08/2022 au 31/10/2022
Saint-Nazaire-le-Désert (26340),Crise,zone : DROME (eaux superficielles)<br>arrêté valable du 18/08/2022 au 31/10/2022
Saint-Nazaire-le-Désert (26340),Crise,zone : DROME (eaux souterraines)<br>arrêté valable du 18/08/2022 au 31/10/2022
Saint-Paul-Trois-Châteaux (26130),Crise,zone : BERRE (eaux superficielles)<br>arrêté valable du 18/08/2022 au 31/10/2022
Saint-Paul-Trois-Châteaux (26130),Crise,zone : BERRE (eaux souterraines)<br>arrêté valable du 18/08/2022 au 31/10/2022
Saint-Paul-lès-Romans (26750),Crise,zone : GALAURE - DROME DES COLLINES (eaux superficielles)<br>arrêté valable du 18/08/2022 au 31/10/2022
Saint-Paul-lès-Romans (26750),Crise,zone : GALAURE - DROME DES COLLINES (eaux souterraines)<br>arrêté valable du 18/08/2022 au 31/10/2022
Saint-Rambert-d'Albon (26140),Crise,zone : VALLOIRE (eaux superficielles)<br>arrêté valable du 18/08/2022 au 30/09/2022
Saint-Rambert-d'Albon (26140),Alerte,zone : VALLOIRE (eaux souterraines)<br>arrêté valable du 18/08/2022 au 30/09/2022
Saint-Roman (26410),Crise,zone : DROME (eaux superficielles)<br>arrêté valable du 18/08/2022 au 31/10/2022
Saint-Roman (26410),Crise,zone : DROME (eaux souterraines)<br>arrêté valable du 18/08/2022 au 31/10/2022
Saint-Sauveur-en-Diois (26340),Crise,zone : DROME (eaux superficielles)<br>arrêté valable du 18/08/2022 au 31/10/2022
Saint-Sauveur-en-Diois (26340),Crise,zone : DROME (eaux souterraines)<br>arrêté valable du 18/08/2022 au 31/10/2022
Saint-Sorlin-en-Valloire (26210),Crise,zone : VALLOIRE (eaux superficielles)<br>arrêté valable du 18/08/2022 au 30/09/2022
Saint-Sorlin-en-Valloire (26210),Alerte,zone : VALLOIRE (eaux souterraines)<br>arrêté valable du 18/08/2022 au 30/09/2022
Saint-Thomas-en-Royans (26190),Crise,zone : ROYANS-VERCORS (eaux superficielles)<br>arrêté valable du 18/08/2022 au 31/10/2022
Saint-Thomas-en-Royans (26190),Crise,zone : ROYANS-VERCORS (eaux souterraines)<br>arrêté valable du 18/08/2022 au 31/10/2022
Saint-Uze (26240),Crise,zone : GALAURE - DROME DES COLLINES (eaux superficielles)<br>arrêté valable du 18/08/2022 au 31/10/2022
Saint-Uze (26240),Crise,zone : GALAURE - DROME DES COLLINES (eaux souterraines)<br>arrêté valable du 18/08/2022 au 31/10/2022
Saint-Uze (26240),Crise,zone : VALLOIRE (eaux superficielles)<br>arrêté valable du 18/08/2022 au 30/09/2022
Saint-Uze (26240),Alerte,zone : VALLOIRE (eaux souterraines)<br>arrêté valable du 18/08/2022 au 30/09/2022
Saint-Vallier (26240),Crise,zone : GALAURE - DROME DES COLLINES (eaux superficielles)<br>arrêté valable du 18/08/2022 au 31/10/2022
Saint-Vallier (26240),Crise,zone : GALAURE - DROME DES COLLINES (eaux souterraines)<br>arrêté valable du 18/08/2022 au 31/10/2022
Saint-Vincent-la-Commanderie (26300),Crise,zone : PLAINE DE - VALENCE (eaux superficielles)<br>arrêté valable du 18/08/2022 au 31/10/2022
Saint-Vincent-la-Commanderie (26300),Crise,zone : PLAINE DE VALENCE (eaux souterraines)<br>arrêté valable du 18/08/2022 au 31/10/2022
Sainte-Croix (26150),Crise,zone : DROME (eaux superficielles)<br>arrêté valable du 18/08/2022 au 31/10/2022
Sainte-Croix (26150),Crise,zone : DROME (eaux souterraines)<br>arrêté valable du 18/08/2022 au 31/10/2022
Sainte-Eulalie-en-Royans (26190),Crise,zone : ROYANS-VERCORS (eaux superficielles)<br>arrêté valable du 18/08/2022 au 31/10/2022
Sainte-Eulalie-en-Royans (26190),Crise,zone : ROYANS-VERCORS (eaux souterraines)<br>arrêté valable du 18/08/2022 au 31/10/2022
Salettes (26160),Crise,zone : ROUBION - JABRON (eaux superficielles)<br>arrêté valable du 18/08/2022 au 31/10/2022
Salettes (26160),Crise,zone : ROUBION - JABRON (eaux souterraines)<br>arrêté valable du 18/08/2022 au 31/10/2022
Saou (26400),Crise,zone : ROUBION - JABRON (eaux superficielles)<br>arrêté valable du 18/08/2022 au 31/10/2022
Saou (26400),Crise,zone : ROUBION - JABRON (eaux souterraines)<br>arrêté valable du 18/08/2022 au 31/10/2022
Saulce-sur-Rhône (26270),Crise,zone : DROME (eaux superficielles)<br>arrêté valable du 18/08/2022 au 31/10/2022
Saulce-sur-Rhône (26270),Crise,zone : DROME (eaux souterraines)<br>arrêté valable du 18/08/2022 au 31/10/2022
Sauzet (26740),Crise,zone : ROUBION - JABRON (eaux superficielles)<br>arrêté valable du 18/08/2022 au 31/10/2022
Sauzet (26740),Crise,zone : ROUBION - JABRON (eaux souterraines)<br>arrêté valable du 18/08/2022 au 31/10/2022
Savasse (26740),Crise,zone : ROUBION - JABRON (eaux superficielles)<br>arrêté valable du 18/08/2022 au 31/10/2022
Savasse (26740),Crise,zone : ROUBION - JABRON (eaux souterraines)<br>arrêté valable du 18/08/2022 au 31/10/2022
Serves-sur-Rhône (26600),Crise,zone : GALAURE - DROME DES COLLINES (eaux superficielles)<br>arrêté valable du 18/08/2022 au 31/10/2022
Serves-sur-Rhône (26600),Crise,zone : GALAURE - DROME DES COLLINES (eaux souterraines)<br>arrêté valable du 18/08/2022 au 31/10/2022
Solaure en Diois (26150),Crise,zone : DROME (eaux superficielles)<br>arrêté valable du 18/08/2022 au 31/10/2022
Solaure en Diois (26150),Crise,zone : DROME (eaux souterraines)<br>arrêté valable du 18/08/2022 au 31/10/2022
Souspierre (26160),Crise,zone : ROUBION - JABRON (eaux superficielles)<br>arrêté valable du 18/08/2022 au 31/10/2022
Souspierre (26160),Crise,zone : ROUBION - JABRON (eaux souterraines)<br>arrêté valable du 18/08/2022 au 31/10/2022
Soyans (26400),Crise,zone : ROUBION - JABRON (eaux superficielles)<br>arrêté valable du 18/08/2022 au 31/10/2022
Soyans (26400),Crise,zone : ROUBION - JABRON (eaux souterraines)<br>arrêté valable du 18/08/2022 au 31/10/2022
Suze (26400),Crise,zone : DROME (eaux superficielles)<br>arrêté valable du 18/08/2022 au 31/10/2022
Suze (26400),Crise,zone : DROME (eaux souterraines)<br>arrêté valable du 18/08/2022 au 31/10/2022
Séderon (26560),Crise,zone : MEOUGE (eaux superficielles)<br>arrêté valable du 18/08/2022 au 31/10/2022
Séderon (26560),Crise,zone : MEOUGE (eaux souterraines)<br>arrêté valable du 18/08/2022 au 31/10/2022
Tain-l'Hermitage (26600),Crise,zone : GALAURE - DROME DES COLLINES (eaux superficielles)<br>arrêté valable du 18/08/2022 au 31/10/2022
Tain-l'Hermitage (26600),Crise,zone : GALAURE - DROME DES COLLINES (eaux souterraines)<br>arrêté valable du 18/08/2022 au 31/10/2022
Tersanne (26390),Crise,zone : GALAURE - DROME DES COLLINES (eaux superficielles)<br>arrêté valable du 18/08/2022 au 31/10/2022
Tersanne (26390),Crise,zone : GALAURE - DROME DES COLLINES (eaux souterraines)<br>arrêté valable du 18/08/2022 au 31/10/2022
Triors (26750),Crise,zone : GALAURE - DROME DES COLLINES (eaux superficielles)<br>arrêté valable du 18/08/2022 au 31/10/2022
Triors (26750),Crise,zone : GALAURE - DROME DES COLLINES (eaux souterraines)<br>arrêté valable du 18/08/2022 au 31/10/2022
Truinas (26460),Crise,zone : ROUBION - JABRON (eaux superficielles)<br>arrêté valable du 18/08/2022 au 31/10/2022
Truinas (26460),Crise,zone : ROUBION - JABRON (eaux souterraines)<br>arrêté valable du 18/08/2022 au 31/10/2022
Upie (26120),Crise,zone : PLAINE DE - VALENCE (eaux superficielles)<br>arrêté valable du 18/08/2022 au 31/10/2022
Upie (26120),Crise,zone : PLAINE DE VALENCE (eaux souterraines)<br>arrêté valable du 18/08/2022 au 31/10/2022
Vachères-en-Quint (26150),Crise,zone : DROME (eaux superficielles)<br>arrêté valable du 18/08/2022 au 31/10/2022
Vachères-en-Quint (26150),Crise,zone : DROME (eaux souterraines)<br>arrêté valable du 18/08/2022 au 31/10/2022
Val-Maravel (26310),Crise,zone : DROME (eaux superficielles)<br>arrêté valable du 18/08/2022 au 31/10/2022
Val-Maravel (26310),Crise,zone : DROME (eaux souterraines)<br>arrêté valable du 18/08/2022 au 31/10/2022
Valaurie (26230),Crise,zone : BERRE (eaux superficielles)<br>arrêté valable du 18/08/2022 au 31/10/2022
Valaurie (26230),Crise,zone : BERRE (eaux souterraines)<br>arrêté valable du 18/08/2022 au 31/10/2022
Valdrôme (26310),Crise,zone : DROME (eaux superficielles)<br>arrêté valable du 18/08/2022 au 31/10/2022
Valdrôme (26310),Crise,zone : DROME (eaux souterraines)<br>arrêté valable du 18/08/2022 au 31/10/2022
Valence (26000),Crise,zone : PLAINE DE - VALENCE (eaux superficielles)<br>arrêté valable du 18/08/2022 au 31/10/2022
Valence (26000),Crise,zone : PLAINE DE VALENCE (eaux souterraines)<br>arrêté valable du 18/08/2022 au 31/10/2022
Valherbasse (26350),Crise,zone : GALAURE - DROME DES COLLINES (eaux superficielles)<br>arrêté valable du 18/08/2022 au 31/10/2022
Valherbasse (26350),Crise,zone : GALAURE - DROME DES COLLINES (eaux souterraines)<br>arrêté valable du 18/08/2022 au 31/10/2022
Vassieux-en-Vercors (26420),Crise,zone : ROYANS-VERCORS (eaux superficielles)<br>arrêté valable du 18/08/2022 au 31/10/2022
Vassieux-en-Vercors (26420),Crise,zone : ROYANS-VERCORS (eaux souterraines)<br>arrêté valable du 18/08/2022 au 31/10/2022
Vaunaveys-la-Rochette (26400),Crise,zone : DROME (eaux superficielles)<br>arrêté valable du 18/08/2022 au 31/10/2022
Vaunaveys-la-Rochette (26400),Crise,zone : DROME (eaux souterraines)<br>arrêté valable du 18/08/2022 au 31/10/2022
Vercheny (26340),Crise,zone : DROME (eaux superficielles)<br>arrêté valable du 18/08/2022 au 31/10/2022
Vercheny (26340),Crise,zone : DROME (eaux souterraines)<br>arrêté valable du 18/08/2022 au 31/10/2022
Vers-sur-Méouge (26560),Crise,zone : MEOUGE (eaux superficielles)<br>arrêté valable du 18/08/2022 au 31/10/2022
Vers-sur-Méouge (26560),Crise,zone : MEOUGE (eaux souterraines)<br>arrêté valable du 18/08/2022 au 31/10/2022
Villebois-les-Pins (05700),Crise,zone : MEOUGE (eaux superficielles)<br>arrêté valable du 18/08/2022 au 31/10/2022
Villebois-les-Pins (05700),Crise,zone : MEOUGE (eaux souterraines)<br>arrêté valable du 18/08/2022 au 31/10/2022
Villefranche-le-Château (26560),Crise,zone : MEOUGE (eaux superficielles)<br>arrêté valable du 18/08/2022 au 31/10/2022
Villefranche-le-Château (26560),Crise,zone : MEOUGE (eaux souterraines)<br>arrêté valable du 18/08/2022 au 31/10/2022
Volvent (26470),Crise,zone : DROME (eaux superficielles)<br>arrêté valable du 18/08/2022 au 31/10/2022
Volvent (26470),Crise,zone : DROME (eaux souterraines)<br>arrêté valable du 18/08/2022 au 31/10/2022
Véronne (26340),Crise,zone : DROME (eaux superficielles)<br>arrêté valable du 18/08/2022 au 31/10/2022
Véronne (26340),Crise,zone : DROME (eaux souterraines)<br>arrêté valable du 18/08/2022 au 31/10/2022
Échevis (26190),Crise,zone : ROYANS-VERCORS (eaux superficielles)<br>arrêté valable du 18/08/2022 au 31/10/2022
Échevis (26190),Crise,zone : ROYANS-VERCORS (eaux souterraines)<br>arrêté valable du 18/08/2022 au 31/10/2022
Épinouze (26210),Crise,zone : VALLOIRE (eaux superficielles)<br>arrêté valable du 18/08/2022 au 30/09/2022
Épinouze (26210),Alerte,zone : VALLOIRE (eaux souterraines)<br>arrêté valable du 18/08/2022 au 30/09/2022
Érôme (26600),Crise,zone : GALAURE - DROME DES COLLINES (eaux superficielles)<br>arrêté valable du 18/08/2022 au 31/10/2022
Érôme (26600),Crise,zone : GALAURE - DROME DES COLLINES (eaux souterraines)<br>arrêté valable du 18/08/2022 au 31/10/2022
Étoile-sur-Rhône (26800),Crise,zone : PLAINE DE - VALENCE (eaux superficielles)<br>arrêté valable du 18/08/2022 au 31/10/2022
Étoile-sur-Rhône (26800),Crise,zone : PLAINE DE VALENCE (eaux souterraines)<br>arrêté valable du 18/08/2022 au 31/10/2022
Agnin (38150),Crise,zone : Bièvre-Liers-Valloire (eaux superficielles)<br>arrêté valable du 17/08/2022 au 30/09/2022
Agnin (38150),Alerte,zone : Nappes de Bièvre-Liers-Valloire (eaux souterraines)<br>arrêté valable du 17/08/2022 au 30/09/2022
Allemond (38114),Alerte renforcée,zone : Oisans et Bonne (eaux superficielles)<br>arrêté valable du 16/09/2022 au 31/10/2022
Allevard (38580),Alerte renforcée,zone : Belledonne (eaux superficielles)<br>arrêté valable du 16/09/2022 au 31/10/2022
Ambel (38970),Alerte renforcée,zone : Trièves et Matheysine (eaux superficielles)<br>arrêté valable du 16/09/2022 au 31/10/2022
Anjou (38150),Crise,zone : Bièvre-Liers-Valloire (eaux superficielles)<br>arrêté valable du 17/08/2022 au 30/09/2022
Anjou (38150),Alerte,zone : Nappes de Bièvre-Liers-Valloire (eaux souterraines)<br>arrêté valable du 17/08/2022 au 30/09/2022
Annoisin-Chatelans (38460),Alerte renforcée,zone : Isle Crémieu (eaux superficielles)<br>arrêté valable du 16/09/2022 au 31/10/2022
Anthon (38280),Alerte renforcée,zone : Bourbre (eaux superficielles)<br>arrêté valable du 16/09/2022 au 31/10/2022
Aoste (38490),Alerte renforcée,zone : Chartreuse et Guiers (eaux superficielles)<br>arrêté valable du 16/09/2022 au 31/10/2022
Apprieu (38140),Alerte renforcée,zone : Paladru et Fure (eaux superficielles)<br>arrêté valable du 16/09/2022 au 31/10/2022
Arandon-Passins (38510),Alerte renforcée,zone : Isle Crémieu (eaux superficielles)<br>arrêté valable du 16/09/2022 au 31/10/2022
Artas (38440),Alerte renforcée,"zone : Sanne, Varèze et 4 Vallées (eaux superficielles)<br>arrêté valable du 16/09/2022 au 31/10/2022"
Artas (38440),Alerte,"zone : Nappes des 4Vallées, de la Sanneet de la Varèze (eaux souterraines)<br>arrêté valable du 16/09/2022 au 31/10/2022"
Assieu (38150),Alerte renforcée,"zone : Sanne, Varèze et 4 Vallées (eaux superficielles)<br>arrêté valable du 16/09/2022 au 31/10/2022"
Assieu (38150),Alerte,"zone : Nappes des 4Vallées, de la Sanneet de la Varèze (eaux souterraines)<br>arrêté valable du 16/09/2022 au 31/10/2022"
Auberives-en-Royans (38680),Alerte renforcée,zone : Vercors (eaux superficielles)<br>arrêté valable du 16/09/2022 au 31/10/2022
Auberives-en-Royans (38680),Alerte renforcée,zone : Nappes du Bas Dauphiné Chambaran et des terrasses de l'Isère (eaux souterraines)<br>arrêté valable du 16/09/2022 au 31/10/2022
Auberives-sur-Varèze (38550),Alerte renforcée,"zone : Sanne, Varèze et 4 Vallées (eaux superficielles)<br>arrêté valable du 16/09/2022 au 31/10/2022"
Auberives-sur-Varèze (38550),Alerte,"zone : Nappes des 4Vallées, de la Sanneet de la Varèze (eaux souterraines)<br>arrêté valable du 16/09/2022 au 31/10/2022"
Auris (38142),Alerte renforcée,zone : Oisans et Bonne (eaux superficielles)<br>arrêté valable du 16/09/2022 au 31/10/2022
"Autrans-Méaudre en Vercors (38880, 38112)",Alerte renforcée,zone : Vercors (eaux superficielles)<br>arrêté valable du 16/09/2022 au 31/10/2022
Avignonet (38650),Alerte renforcée,zone : Trièves et Matheysine (eaux superficielles)<br>arrêté valable du 16/09/2022 au 31/10/2022
Barraux (38530),Alerte renforcée,zone : Chartreuse et Guiers (eaux superficielles)<br>arrêté valable du 16/09/2022 au 31/10/2022
Beaucroissant (38140),Crise,zone : Bièvre-Liers-Valloire (eaux superficielles)<br>arrêté valable du 17/08/2022 au 30/09/2022
Beaucroissant (38140),Alerte,zone : Nappes de Bièvre-Liers-Valloire (eaux souterraines)<br>arrêté valable du 17/08/2022 au 30/09/2022
Beaufin (38970),Alerte renforcée,zone : Trièves et Matheysine (eaux superficielles)<br>arrêté valable du 16/09/2022 au 31/10/2022
Beaufort (38270),Crise,zone : Bièvre-Liers-Valloire (eaux superficielles)<br>arrêté valable du 17/08/2022 au 30/09/2022
Beaufort (38270),Alerte,zone : Nappes de Bièvre-Liers-Valloire (eaux souterraines)<br>arrêté valable du 17/08/2022 au 30/09/2022
Beaulieu (38470),Alerte renforcée,zone : Chambaran (eaux superficielles)<br>arrêté valable du 16/09/2022 au 31/10/2022
Beaulieu (38470),Alerte renforcée,zone : Nappes du Bas Dauphiné Chambaran et des terrasses de l'Isère (eaux souterraines)<br>arrêté valable du 16/09/2022 au 31/10/2022
Beaurepaire (38270),Crise,zone : Bièvre-Liers-Valloire (eaux superficielles)<br>arrêté valable du 17/08/2022 au 30/09/2022
Beaurepaire (38270),Alerte,zone : Nappes de Bièvre-Liers-Valloire (eaux souterraines)<br>arrêté valable du 17/08/2022 au 30/09/2022
Beauvoir-de-Marc (38440),Alerte renforcée,"zone : Sanne, Varèze et 4 Vallées (eaux superficielles)<br>arrêté valable du 16/09/2022 au 31/10/2022"
Beauvoir-de-Marc (38440),Alerte,"zone : Nappes des 4Vallées, de la Sanneet de la Varèze (eaux souterraines)<br>arrêté valable du 16/09/2022 au 31/10/2022"
Beauvoir-en-Royans (38160),Alerte renforcée,zone : Vercors (eaux superficielles)<br>arrêté valable du 16/09/2022 au 31/10/2022
Beauvoir-en-Royans (38160),Alerte renforcée,zone : Nappes du Bas Dauphiné Chambaran et des terrasses de l'Isère (eaux souterraines)<br>arrêté valable du 16/09/2022 au 31/10/2022
Bellegarde-Poussieu (38270),Crise,zone : Bièvre-Liers-Valloire (eaux superficielles)<br>arrêté valable du 17/08/2022 au 30/09/2022
Bellegarde-Poussieu (38270),Alerte,zone : Nappes de Bièvre-Liers-Valloire (eaux souterraines)<br>arrêté valable du 17/08/2022 au 30/09/2022
Belmont (38690),Alerte renforcée,zone : Bourbre (eaux superficielles)<br>arrêté valable du 16/09/2022 au 31/10/2022
Bernin (38190),Alerte renforcée,zone : Chartreuse et Guiers (eaux superficielles)<br>arrêté valable du 16/09/2022 au 31/10/2022
Besse (38142),Alerte renforcée,zone : Oisans et Bonne (eaux superficielles)<br>arrêté valable du 16/09/2022 au 31/10/2022
Bessins (38160),Alerte renforcée,zone : Chambaran (eaux superficielles)<br>arrêté valable du 16/09/2022 au 31/10/2022
Bessins (38160),Alerte renforcée,zone : Nappes du Bas Dauphiné Chambaran et des terrasses de l'Isère (eaux souterraines)<br>arrêté valable du 16/09/2022 au 31/10/2022
Bilieu (38850),Alerte renforcée,zone : Paladru et Fure (eaux superficielles)<br>arrêté valable du 16/09/2022 au 31/10/2022
Biol (38690),Alerte renforcée,zone : Bourbre (eaux superficielles)<br>arrêté valable du 16/09/2022 au 31/10/2022
Biviers (38330),Alerte renforcée,zone : Chartreuse et Guiers (eaux superficielles)<br>arrêté valable du 16/09/2022 au 31/10/2022
Bizonnes (38690),Alerte renforcée,zone : Bourbre (eaux superficielles)<br>arrêté valable du 16/09/2022 au 31/10/2022
Bizonnes (38690),Crise,zone : Bièvre-Liers-Valloire (eaux superficielles)<br>arrêté valable du 17/08/2022 au 30/09/2022
Bizonnes (38690),Alerte,zone : Nappes de Bièvre-Liers-Valloire (eaux souterraines)<br>arrêté valable du 17/08/2022 au 30/09/2022
Blandin (38730),Alerte renforcée,zone : Bourbre (eaux superficielles)<br>arrêté valable du 16/09/2022 au 31/10/2022
Bonnefamille (38090),Alerte renforcée,zone : Bourbre (eaux superficielles)<br>arrêté valable du 16/09/2022 au 31/10/2022
Bonnefamille (38090),Alerte renforcée,"zone : Sanne, Varèze et 4 Vallées (eaux superficielles)<br>arrêté valable du 16/09/2022 au 31/10/2022"
Bonnefamille (38090),Alerte,"zone : Nappes des 4Vallées, de la Sanneet de la Varèze (eaux souterraines)<br>arrêté valable du 16/09/2022 au 31/10/2022"
Bossieu (38260),Crise,zone : Bièvre-Liers-Valloire (eaux superficielles)<br>arrêté valable du 17/08/2022 au 30/09/2022
Bossieu (38260),Alerte,zone : Nappes de Bièvre-Liers-Valloire (eaux souterraines)<br>arrêté valable du 17/08/2022 au 30/09/2022
Bougé-Chambalud (38150),Crise,zone : Bièvre-Liers-Valloire (eaux superficielles)<br>arrêté valable du 17/08/2022 au 30/09/2022
Bougé-Chambalud (38150),Alerte,zone : Nappes de Bièvre-Liers-Valloire (eaux souterraines)<br>arrêté valable du 17/08/2022 au 30/09/2022
Bourgoin-Jallieu (38300),Alerte renforcée,zone : Bourbre (eaux superficielles)<br>arrêté valable du 16/09/2022 au 31/10/2022
Bouvesse-Quirieu (38390),Alerte renforcée,zone : Isle Crémieu (eaux superficielles)<br>arrêté valable du 16/09/2022 au 31/10/2022
Brangues (38510),Alerte renforcée,zone : Isle Crémieu (eaux superficielles)<br>arrêté valable du 16/09/2022 au 31/10/2022
Bressieux (38870),Crise,zone : Bièvre-Liers-Valloire (eaux superficielles)<br>arrêté valable du 17/08/2022 au 30/09/2022
Bressieux (38870),Alerte,zone : Nappes de Bièvre-Liers-Valloire (eaux souterraines)<br>arrêté valable du 17/08/2022 au 30/09/2022
Bresson (38320),Alerte renforcée,zone : Belledonne (eaux superficielles)<br>arrêté valable du 16/09/2022 au 31/10/2022
Brion (38590),Crise,zone : Bièvre-Liers-Valloire (eaux superficielles)<br>arrêté valable du 17/08/2022 au 30/09/2022
Brion (38590),Alerte,zone : Nappes de Bièvre-Liers-Valloire (eaux souterraines)<br>arrêté valable du 17/08/2022 au 30/09/2022
Brié-et-Angonnes (38320),Alerte renforcée,zone : Belledonne (eaux superficielles)<br>arrêté valable du 16/09/2022 au 31/10/2022
Brézins (38590),Crise,zone : Bièvre-Liers-Valloire (eaux superficielles)<br>arrêté valable du 17/08/2022 au 30/09/2022
Brézins (38590),Alerte,zone : Nappes de Bièvre-Liers-Valloire (eaux souterraines)<br>arrêté valable du 17/08/2022 au 30/09/2022
Burcin (38690),Alerte renforcée,zone : Bourbre (eaux superficielles)<br>arrêté valable du 16/09/2022 au 31/10/2022
Bévenais (38690),Crise,zone : Bièvre-Liers-Valloire (eaux superficielles)<br>arrêté valable du 17/08/2022 au 30/09/2022
Bévenais (38690),Alerte,zone : Nappes de Bièvre-Liers-Valloire (eaux souterraines)<br>arrêté valable du 17/08/2022 au 30/09/2022
Cessieu (38110),Alerte renforcée,zone : Bourbre (eaux superficielles)<br>arrêté valable du 16/09/2022 au 31/10/2022
Chalon (38122),Alerte renforcée,"zone : Sanne, Varèze et 4 Vallées (eaux superficielles)<br>arrêté valable du 16/09/2022 au 31/10/2022"
Chalon (38122),Alerte,"zone : Nappes des 4Vallées, de la Sanneet de la Varèze (eaux souterraines)<br>arrêté valable du 16/09/2022 au 31/10/2022"
Chamagnieu (38460),Alerte renforcée,zone : Bourbre (eaux superficielles)<br>arrêté valable du 16/09/2022 au 31/10/2022
Champ-sur-Drac (38560),Alerte renforcée,zone : Trièves et Matheysine (eaux superficielles)<br>arrêté valable du 16/09/2022 au 31/10/2022
Champ-sur-Drac (38560),Alerte renforcée,zone : Vercors (eaux superficielles)<br>arrêté valable du 16/09/2022 au 31/10/2022
Champagnier (38800),Alerte renforcée,zone : Belledonne (eaux superficielles)<br>arrêté valable du 16/09/2022 au 31/10/2022
Champagnier (38800),Alerte renforcée,zone : Vercors (eaux superficielles)<br>arrêté valable du 16/09/2022 au 31/10/2022
Champier (38260),Crise,zone : Bièvre-Liers-Valloire (eaux superficielles)<br>arrêté valable du 17/08/2022 au 30/09/2022
Champier (38260),Alerte,zone : Nappes de Bièvre-Liers-Valloire (eaux souterraines)<br>arrêté valable du 17/08/2022 au 30/09/2022
Chamrousse (38410),Alerte renforcée,zone : Belledonne (eaux superficielles)<br>arrêté valable du 16/09/2022 au 31/10/2022
Chanas (38150),Crise,zone : Bièvre-Liers-Valloire (eaux superficielles)<br>arrêté valable du 17/08/2022 au 30/09/2022
Chanas (38150),Alerte,zone : Nappes de Bièvre-Liers-Valloire (eaux souterraines)<br>arrêté valable du 17/08/2022 au 30/09/2022
Chantepérier (38740),Alerte renforcée,zone : Oisans et Bonne (eaux superficielles)<br>arrêté valable du 16/09/2022 au 31/10/2022
Chantesse (38470),Alerte renforcée,zone : Chambaran (eaux superficielles)<br>arrêté valable du 16/09/2022 au 31/10/2022
Chantesse (38470),Alerte renforcée,zone : Nappes du Bas Dauphiné Chambaran et des terrasses de l'Isère (eaux souterraines)<br>arrêté valable du 16/09/2022 au 31/10/2022
Chapareillan (38530),Alerte renforcée,zone : Chartreuse et Guiers (eaux superficielles)<br>arrêté valable du 16/09/2022 au 31/10/2022
Charancieu (38490),Alerte renforcée,zone : Bourbre (eaux superficielles)<br>arrêté valable du 16/09/2022 au 31/10/2022
Charantonnay (38790),Alerte renforcée,"zone : Sanne, Varèze et 4 Vallées (eaux superficielles)<br>arrêté valable du 16/09/2022 au 31/10/2022"
Charantonnay (38790),Alerte,"zone : Nappes des 4Vallées, de la Sanneet de la Varèze (eaux souterraines)<br>arrêté valable du 16/09/2022 au 31/10/2022"
Charavines (38850),Alerte renforcée,zone : Paladru et Fure (eaux superficielles)<br>arrêté valable du 16/09/2022 au 31/10/2022
Charette (38390),Alerte renforcée,zone : Isle Crémieu (eaux superficielles)<br>arrêté valable du 16/09/2022 au 31/10/2022
Charnècles (38140),Alerte renforcée,zone : Paladru et Fure (eaux superficielles)<br>arrêté valable du 16/09/2022 au 31/10/2022
Charvieu-Chavagneux (38230),Alerte renforcée,zone : Bourbre (eaux superficielles)<br>arrêté valable du 16/09/2022 au 31/10/2022
Chasse-sur-Rhône (38670),Alerte renforcée,"zone : Sanne, Varèze et 4 Vallées (eaux superficielles)<br>arrêté valable du 16/09/2022 au 31/10/2022"
Chasselay (38470),Alerte renforcée,zone : Chambaran (eaux superficielles)<br>arrêté valable du 16/09/2022 au 31/10/2022
Chasselay (38470),Alerte renforcée,zone : Nappes du Bas Dauphiné Chambaran et des terrasses de l'Isère (eaux souterraines)<br>arrêté valable du 16/09/2022 au 31/10/2022
Chassignieu (38730),Alerte renforcée,zone : Bourbre (eaux superficielles)<br>arrêté valable du 16/09/2022 au 31/10/2022
Chatte (38160),Alerte renforcée,zone : Chambaran (eaux superficielles)<br>arrêté valable du 16/09/2022 au 31/10/2022
Chatte (38160),Alerte renforcée,zone : Nappes du Bas Dauphiné Chambaran et des terrasses de l'Isère (eaux souterraines)<br>arrêté valable du 16/09/2022 au 31/10/2022
Chavanoz (38230),Alerte renforcée,zone : Bourbre (eaux superficielles)<br>arrêté valable du 16/09/2022 au 31/10/2022
Chevrières (38160),Alerte renforcée,zone : Chambaran (eaux superficielles)<br>arrêté valable du 16/09/2022 au 31/10/2022
Chevrières (38160),Alerte renforcée,zone : Nappes du Bas Dauphiné Chambaran et des terrasses de l'Isère (eaux souterraines)<br>arrêté valable du 16/09/2022 au 31/10/2022
Cheyssieu (38550),Alerte renforcée,"zone : Sanne, Varèze et 4 Vallées (eaux superficielles)<br>arrêté valable du 16/09/2022 au 31/10/2022"
Cheyssieu (38550),Alerte,"zone : Nappes des 4Vallées, de la Sanneet de la Varèze (eaux souterraines)<br>arrêté valable du 16/09/2022 au 31/10/2022"
Chichilianne (38930),Alerte renforcée,zone : Trièves et Matheysine (eaux superficielles)<br>arrêté valable du 16/09/2022 au 31/10/2022
Chimilin (38490),Alerte renforcée,zone : Isle Crémieu (eaux superficielles)<br>arrêté valable du 16/09/2022 au 31/10/2022
Chirens (38850),Alerte renforcée,zone : Chartreuse et Guiers (eaux superficielles)<br>arrêté valable du 16/09/2022 au 31/10/2022
Cholonge (38220),Alerte renforcée,zone : Trièves et Matheysine (eaux superficielles)<br>arrêté valable du 16/09/2022 au 31/10/2022
Chonas-l'Amballan (38121),Alerte renforcée,"zone : Sanne, Varèze et 4 Vallées (eaux superficielles)<br>arrêté valable du 16/09/2022 au 31/10/2022"
Choranche (38680),Alerte renforcée,zone : Vercors (eaux superficielles)<br>arrêté valable du 16/09/2022 au 31/10/2022
Chozeau (38460),Alerte renforcée,zone : Isle Crémieu (eaux superficielles)<br>arrêté valable du 16/09/2022 au 31/10/2022
Chuzelles (38200),Alerte renforcée,"zone : Sanne, Varèze et 4 Vallées (eaux superficielles)<br>arrêté valable du 16/09/2022 au 31/10/2022"
Chuzelles (38200),Alerte,"zone : Nappes des 4Vallées, de la Sanneet de la Varèze (eaux souterraines)<br>arrêté valable du 16/09/2022 au 31/10/2022"
Châbons (38690),Alerte renforcée,zone : Bourbre (eaux superficielles)<br>arrêté valable du 16/09/2022 au 31/10/2022
Château-Bernard (38650),Alerte renforcée,zone : Vercors (eaux superficielles)<br>arrêté valable du 16/09/2022 au 31/10/2022
Châteauvilain (38300),Alerte renforcée,zone : Bourbre (eaux superficielles)<br>arrêté valable du 16/09/2022 au 31/10/2022
Châtel-en-Trièves (38710),Alerte renforcée,zone : Trièves et Matheysine (eaux superficielles)<br>arrêté valable du 16/09/2022 au 31/10/2022
Châtelus (38680),Alerte renforcée,zone : Vercors (eaux superficielles)<br>arrêté valable du 16/09/2022 au 31/10/2022
Châtenay (38980),Crise,zone : Bièvre-Liers-Valloire (eaux superficielles)<br>arrêté valable du 17/08/2022 au 30/09/2022
Châtenay (38980),Alerte,zone : Nappes de Bièvre-Liers-Valloire (eaux souterraines)<br>arrêté valable du 17/08/2022 au 30/09/2022
Châtonnay (38440),Alerte renforcée,"zone : Sanne, Varèze et 4 Vallées (eaux superficielles)<br>arrêté valable du 16/09/2022 au 31/10/2022"
Châtonnay (38440),Alerte,"zone : Nappes des 4Vallées, de la Sanneet de la Varèze (eaux souterraines)<br>arrêté valable du 16/09/2022 au 31/10/2022"
Chèzeneuve (38300),Alerte renforcée,zone : Bourbre (eaux superficielles)<br>arrêté valable du 16/09/2022 au 31/10/2022
Chélieu (38730),Alerte renforcée,zone : Bourbre (eaux superficielles)<br>arrêté valable du 16/09/2022 au 31/10/2022
Claix (38640),Alerte renforcée,zone : Vercors (eaux superficielles)<br>arrêté valable du 16/09/2022 au 31/10/2022
Clavans-en-Haut-Oisans (38142),Alerte renforcée,zone : Oisans et Bonne (eaux superficielles)<br>arrêté valable du 16/09/2022 au 31/10/2022
Clelles (38930),Alerte renforcée,zone : Trièves et Matheysine (eaux superficielles)<br>arrêté valable du 16/09/2022 au 31/10/2022
Clonas-sur-Varèze (38550),Alerte renforcée,"zone : Sanne, Varèze et 4 Vallées (eaux superficielles)<br>arrêté valable du 16/09/2022 au 31/10/2022"
Clonas-sur-Varèze (38550),Alerte,"zone : Nappes des 4Vallées, de la Sanneet de la Varèze (eaux souterraines)<br>arrêté valable du 16/09/2022 au 31/10/2022"
Cognet (38350),Alerte renforcée,zone : Trièves et Matheysine (eaux superficielles)<br>arrêté valable du 16/09/2022 au 31/10/2022
Cognin-les-Gorges (38470),Alerte renforcée,zone : Vercors (eaux superficielles)<br>arrêté valable du 16/09/2022 au 31/10/2022
Cognin-les-Gorges (38470),Alerte renforcée,zone : Nappes du Bas Dauphiné Chambaran et des terrasses de l'Isère (eaux souterraines)<br>arrêté valable du 16/09/2022 au 31/10/2022
Colombe (38690),Crise,zone : Bièvre-Liers-Valloire (eaux superficielles)<br>arrêté valable du 17/08/2022 au 30/09/2022
Colombe (38690),Alerte,zone : Nappes de Bièvre-Liers-Valloire (eaux souterraines)<br>arrêté valable du 17/08/2022 au 30/09/2022
Corbelin (38630),Alerte renforcée,zone : Isle Crémieu (eaux superficielles)<br>arrêté valable du 16/09/2022 au 31/10/2022
Corenc (38700),Alerte renforcée,zone : Chartreuse et Guiers (eaux superficielles)<br>arrêté valable du 16/09/2022 au 31/10/2022
Cornillon-en-Trièves (38710),Alerte renforcée,zone : Trièves et Matheysine (eaux superficielles)<br>arrêté valable du 16/09/2022 au 31/10/2022
Corps (38970),Alerte renforcée,zone : Trièves et Matheysine (eaux superficielles)<br>arrêté valable du 16/09/2022 au 31/10/2022
Corrençon-en-Vercors (38250),Alerte renforcée,zone : Vercors (eaux superficielles)<br>arrêté valable du 16/09/2022 au 31/10/2022
Coublevie (38500),Alerte renforcée,zone : Paladru et Fure (eaux superficielles)<br>arrêté valable du 16/09/2022 au 31/10/2022
Cour-et-Buis (38122),Alerte renforcée,"zone : Sanne, Varèze et 4 Vallées (eaux superficielles)<br>arrêté valable du 16/09/2022 au 31/10/2022"
Cour-et-Buis (38122),Alerte,"zone : Nappes des 4Vallées, de la Sanneet de la Varèze (eaux souterraines)<br>arrêté valable du 16/09/2022 au 31/10/2022"
Courtenay (38510),Alerte renforcée,zone : Isle Crémieu (eaux superficielles)<br>arrêté valable du 16/09/2022 au 31/10/2022
Crachier (38300),Alerte renforcée,zone : Bourbre (eaux superficielles)<br>arrêté valable du 16/09/2022 au 31/10/2022
Cras (38210),Alerte renforcée,zone : Chambaran (eaux superficielles)<br>arrêté valable du 16/09/2022 au 31/10/2022
Cras (38210),Alerte renforcée,zone : Nappes du Bas Dauphiné Chambaran et des terrasses de l'Isère (eaux souterraines)<br>arrêté valable du 16/09/2022 au 31/10/2022
Creys-Mépieu (38510),Alerte renforcée,zone : Isle Crémieu (eaux superficielles)<br>arrêté valable du 16/09/2022 au 31/10/2022
Crolles (38920),Alerte renforcée,zone : Chartreuse et Guiers (eaux superficielles)<br>arrêté valable du 16/09/2022 au 31/10/2022
Crémieu (38460),Alerte renforcée,zone : Isle Crémieu (eaux superficielles)<br>arrêté valable du 16/09/2022 au 31/10/2022
"Crêts en Belledonne (38570, 38830)",Alerte renforcée,zone : Belledonne (eaux superficielles)<br>arrêté valable du 16/09/2022 au 31/10/2022
Culin (38300),Alerte renforcée,"zone : Sanne, Varèze et 4 Vallées (eaux superficielles)<br>arrêté valable du 16/09/2022 au 31/10/2022"
Culin (38300),Alerte,"zone : Nappes des 4Vallées, de la Sanneet de la Varèze (eaux souterraines)<br>arrêté valable du 16/09/2022 au 31/10/2022"
Dizimieu (38460),Alerte renforcée,zone : Isle Crémieu (eaux superficielles)<br>arrêté valable du 16/09/2022 au 31/10/2022
Diémoz (38790),Alerte renforcée,"zone : Sanne, Varèze et 4 Vallées (eaux superficielles)<br>arrêté valable du 16/09/2022 au 31/10/2022"
Diémoz (38790),Alerte,"zone : Nappes des 4Vallées, de la Sanneet de la Varèze (eaux souterraines)<br>arrêté valable du 16/09/2022 au 31/10/2022"
Doissin (38730),Alerte renforcée,zone : Bourbre (eaux superficielles)<br>arrêté valable du 16/09/2022 au 31/10/2022
Dolomieu (38110),Alerte renforcée,zone : Isle Crémieu (eaux superficielles)<br>arrêté valable du 16/09/2022 au 31/10/2022
Domarin (38300),Alerte renforcée,zone : Bourbre (eaux superficielles)<br>arrêté valable du 16/09/2022 au 31/10/2022
Domène (38420),Alerte renforcée,zone : Belledonne (eaux superficielles)<br>arrêté valable du 16/09/2022 au 31/10/2022
Eclose-Badinières (38300),Alerte renforcée,zone : Bourbre (eaux superficielles)<br>arrêté valable du 16/09/2022 au 31/10/2022
Engins (38360),Alerte renforcée,zone : Vercors (eaux superficielles)<br>arrêté valable du 16/09/2022 au 31/10/2022
Entraigues (38740),Alerte renforcée,zone : Oisans et Bonne (eaux superficielles)<br>arrêté valable du 16/09/2022 au 31/10/2022
Entre-deux-Guiers (38380),Alerte renforcée,zone : Chartreuse et Guiers (eaux superficielles)<br>arrêté valable du 16/09/2022 au 31/10/2022
Estrablin (38780),Alerte renforcée,"zone : Sanne, Varèze et 4 Vallées (eaux superficielles)<br>arrêté valable du 16/09/2022 au 31/10/2022"
Estrablin (38780),Alerte,"zone : Nappes des 4Vallées, de la Sanneet de la Varèze (eaux souterraines)<br>arrêté valable du 16/09/2022 au 31/10/2022"
Eybens (38320),Alerte renforcée,zone : Belledonne (eaux superficielles)<br>arrêté valable du 16/09/2022 au 31/10/2022
Eydoche (38690),Crise,zone : Bièvre-Liers-Valloire (eaux superficielles)<br>arrêté valable du 17/08/2022 au 30/09/2022
Eydoche (38690),Alerte,zone : Nappes de Bièvre-Liers-Valloire (eaux souterraines)<br>arrêté valable du 17/08/2022 au 30/09/2022
Eyzin-Pinet (38780),Alerte renforcée,"zone : Sanne, Varèze et 4 Vallées (eaux superficielles)<br>arrêté valable du 16/09/2022 au 31/10/2022"
Eyzin-Pinet (38780),Alerte,"zone : Nappes des 4Vallées, de la Sanneet de la Varèze (eaux souterraines)<br>arrêté valable du 16/09/2022 au 31/10/2022"
Faramans (38260),Crise,zone : Bièvre-Liers-Valloire (eaux superficielles)<br>arrêté valable du 17/08/2022 au 30/09/2022
Faramans (38260),Alerte,zone : Nappes de Bièvre-Liers-Valloire (eaux souterraines)<br>arrêté valable du 17/08/2022 au 30/09/2022
Faverges-de-la-Tour (38110),Alerte renforcée,zone : Isle Crémieu (eaux superficielles)<br>arrêté valable du 16/09/2022 au 31/10/2022
Flachères (38690),Crise,zone : Bièvre-Liers-Valloire (eaux superficielles)<br>arrêté valable du 17/08/2022 au 30/09/2022
Flachères (38690),Alerte,zone : Nappes de Bièvre-Liers-Valloire (eaux souterraines)<br>arrêté valable du 17/08/2022 au 30/09/2022
Fontaine (38600),Alerte renforcée,zone : Vercors (eaux superficielles)<br>arrêté valable du 16/09/2022 au 31/10/2022
Fontanil-Cornillon (38120),Alerte renforcée,zone : Chartreuse et Guiers (eaux superficielles)<br>arrêté valable du 16/09/2022 au 31/10/2022
Four (38080),Alerte renforcée,zone : Bourbre (eaux superficielles)<br>arrêté valable du 16/09/2022 au 31/10/2022
Froges (38190),Alerte renforcée,zone : Belledonne (eaux superficielles)<br>arrêté valable du 16/09/2022 au 31/10/2022
Frontonas (38290),Alerte renforcée,zone : Bourbre (eaux superficielles)<br>arrêté valable du 16/09/2022 au 31/10/2022
Gillonnay (38260),Crise,zone : Bièvre-Liers-Valloire (eaux superficielles)<br>arrêté valable du 17/08/2022 au 30/09/2022
Gillonnay (38260),Alerte,zone : Nappes de Bièvre-Liers-Valloire (eaux souterraines)<br>arrêté valable du 17/08/2022 au 30/09/2022
Gières (38610),Alerte renforcée,zone : Belledonne (eaux superficielles)<br>arrêté valable du 16/09/2022 au 31/10/2022
Goncelin (38570),Alerte renforcée,zone : Belledonne (eaux superficielles)<br>arrêté valable du 16/09/2022 au 31/10/2022
Granieu (38490),Alerte renforcée,zone : Isle Crémieu (eaux superficielles)<br>arrêté valable du 16/09/2022 au 31/10/2022
Grenay (38540),Alerte renforcée,zone : Bourbre (eaux superficielles)<br>arrêté valable du 16/09/2022 au 31/10/2022
"Grenoble (38000, 38100)",Alerte renforcée,zone : Belledonne (eaux superficielles)<br>arrêté valable du 16/09/2022 au 31/10/2022
Gresse-en-Vercors (38650),Alerte renforcée,zone : Vercors (eaux superficielles)<br>arrêté valable du 16/09/2022 au 31/10/2022
Herbeys (38320),Alerte renforcée,zone : Belledonne (eaux superficielles)<br>arrêté valable du 16/09/2022 au 31/10/2022
Heyrieux (38540),Alerte renforcée,zone : Est Lyonnais (eaux superficielles)<br>arrêté valable du 05/08/2022 au 31/10/2022
Heyrieux (38540),Vigilance,zone : Nappes de l'Est Lyonnais (eaux souterraines)<br>arrêté valable du 05/08/2022 au 31/10/2022
Hières-sur-Amby (38118),Alerte renforcée,zone : Isle Crémieu (eaux superficielles)<br>arrêté valable du 16/09/2022 au 31/10/2022
Huez (38750),Alerte renforcée,zone : Oisans et Bonne (eaux superficielles)<br>arrêté valable du 16/09/2022 au 31/10/2022
Hurtières (38570),Alerte renforcée,zone : Belledonne (eaux superficielles)<br>arrêté valable du 16/09/2022 au 31/10/2022
Izeaux (38140),Crise,zone : Bièvre-Liers-Valloire (eaux superficielles)<br>arrêté valable du 17/08/2022 au 30/09/2022
Izeaux (38140),Alerte,zone : Nappes de Bièvre-Liers-Valloire (eaux souterraines)<br>arrêté valable du 17/08/2022 au 30/09/2022
Izeron (38160),Alerte renforcée,zone : Vercors (eaux superficielles)<br>arrêté valable du 16/09/2022 au 31/10/2022
Izeron (38160),Alerte renforcée,zone : Nappes du Bas Dauphiné Chambaran et des terrasses de l'Isère (eaux souterraines)<br>arrêté valable du 16/09/2022 au 31/10/2022
Janneyrias (38280),Alerte renforcée,zone : Est Lyonnais (eaux superficielles)<br>arrêté valable du 05/08/2022 au 31/10/2022
Janneyrias (38280),Vigilance,zone : Nappes de l'Est Lyonnais (eaux souterraines)<br>arrêté valable du 05/08/2022 au 31/10/2022
Jarcieu (38270),Crise,zone : Bièvre-Liers-Valloire (eaux superficielles)<br>arrêté valable du 17/08/2022 au 30/09/2022
Jarcieu (38270),Alerte,zone : Nappes de Bièvre-Liers-Valloire (eaux souterraines)<br>arrêté valable du 17/08/2022 au 30/09/2022
Jardin (38200),Alerte renforcée,"zone : Sanne, Varèze et 4 Vallées (eaux superficielles)<br>arrêté valable du 16/09/2022 au 31/10/2022"
Jardin (38200),Alerte,"zone : Nappes des 4Vallées, de la Sanneet de la Varèze (eaux souterraines)<br>arrêté valable du 16/09/2022 au 31/10/2022"
Jarrie (38560),Alerte renforcée,zone : Belledonne (eaux superficielles)<br>arrêté valable du 16/09/2022 au 31/10/2022
L'Albenc (38470),Alerte renforcée,zone : Chambaran (eaux superficielles)<br>arrêté valable du 16/09/2022 au 31/10/2022
L'Albenc (38470),Alerte renforcée,zone : Nappes du Bas Dauphiné Chambaran et des terrasses de l'Isère (eaux souterraines)<br>arrêté valable du 16/09/2022 au 31/10/2022
L'Isle-d'Abeau (38080),Alerte renforcée,zone : Bourbre (eaux superficielles)<br>arrêté valable du 16/09/2022 au 31/10/2022
La Balme-les-Grottes (38390),Alerte renforcée,zone : Isle Crémieu (eaux superficielles)<br>arrêté valable du 16/09/2022 au 31/10/2022
La Buisse (38500),Alerte renforcée,zone : Chartreuse et Guiers (eaux superficielles)<br>arrêté valable du 16/09/2022 au 31/10/2022
La Buissière (38530),Alerte renforcée,zone : Chartreuse et Guiers (eaux superficielles)<br>arrêté valable du 16/09/2022 au 31/10/2022
La Bâtie-Montgascon (38110),Alerte renforcée,zone : Isle Crémieu (eaux superficielles)<br>arrêté valable du 16/09/2022 au 31/10/2022
La Chapelle-de-Surieu (38150),Alerte renforcée,"zone : Sanne, Varèze et 4 Vallées (eaux superficielles)<br>arrêté valable du 16/09/2022 au 31/10/2022"
La Chapelle-de-Surieu (38150),Alerte,"zone : Nappes des 4Vallées, de la Sanneet de la Varèze (eaux souterraines)<br>arrêté valable du 16/09/2022 au 31/10/2022"
La Chapelle-de-la-Tour (38110),Alerte renforcée,zone : Bourbre (eaux superficielles)<br>arrêté valable du 16/09/2022 au 31/10/2022
La Chapelle-du-Bard (38580),Alerte renforcée,zone : Belledonne (eaux superficielles)<br>arrêté valable du 16/09/2022 au 31/10/2022
La Combe-de-Lancey (38190),Alerte renforcée,zone : Belledonne (eaux superficielles)<br>arrêté valable du 16/09/2022 au 31/10/2022
La Côte-Saint-André (38260),Crise,zone : Bièvre-Liers-Valloire (eaux superficielles)<br>arrêté valable du 17/08/2022 au 30/09/2022
La Côte-Saint-André (38260),Alerte,zone : Nappes de Bièvre-Liers-Valloire (eaux souterraines)<br>arrêté valable du 17/08/2022 au 30/09/2022
La Flachère (38530),Alerte renforcée,zone : Chartreuse et Guiers (eaux superficielles)<br>arrêté valable du 16/09/2022 au 31/10/2022
La Forteresse (38590),Crise,zone : Bièvre-Liers-Valloire (eaux superficielles)<br>arrêté valable du 17/08/2022 au 30/09/2022
La Forteresse (38590),Alerte,zone : Nappes de Bièvre-Liers-Valloire (eaux souterraines)<br>arrêté valable du 17/08/2022 au 30/09/2022
La Frette (38260),Crise,zone : Bièvre-Liers-Valloire (eaux superficielles)<br>arrêté valable du 17/08/2022 au 30/09/2022
La Frette (38260),Alerte,zone : Nappes de Bièvre-Liers-Valloire (eaux souterraines)<br>arrêté valable du 17/08/2022 au 30/09/2022
La Garde (38520),Alerte renforcée,zone : Oisans et Bonne (eaux superficielles)<br>arrêté valable du 16/09/2022 au 31/10/2022
La Morte (38350),Alerte renforcée,zone : Oisans et Bonne (eaux superficielles)<br>arrêté valable du 16/09/2022 au 31/10/2022
La Motte-Saint-Martin (38770),Alerte renforcée,zone : Trièves et Matheysine (eaux superficielles)<br>arrêté valable du 16/09/2022 au 31/10/2022
La Motte-d'Aveillans (38770),Alerte renforcée,zone : Trièves et Matheysine (eaux superficielles)<br>arrêté valable du 16/09/2022 au 31/10/2022
La Mure (38350),Alerte renforcée,zone : Trièves et Matheysine (eaux superficielles)<br>arrêté valable du 16/09/2022 au 31/10/2022
La Murette (38140),Alerte renforcée,zone : Paladru et Fure (eaux superficielles)<br>arrêté valable du 16/09/2022 au 31/10/2022
La Pierre (38570),Alerte renforcée,zone : Belledonne (eaux superficielles)<br>arrêté valable du 16/09/2022 au 31/10/2022
La Rivière (38210),Alerte renforcée,zone : Vercors (eaux superficielles)<br>arrêté valable du 16/09/2022 au 31/10/2022
La Salette-Fallavaux (38970),Alerte renforcée,zone : Trièves et Matheysine (eaux superficielles)<br>arrêté valable du 16/09/2022 au 31/10/2022
La Salle-en-Beaumont (38350),Alerte renforcée,zone : Trièves et Matheysine (eaux superficielles)<br>arrêté valable du 16/09/2022 au 31/10/2022
"La Sure en Chartreuse (38134, 38340)",Alerte renforcée,zone : Chartreuse et Guiers (eaux superficielles)<br>arrêté valable du 16/09/2022 au 31/10/2022
La Sône (38840),Alerte renforcée,zone : Chambaran (eaux superficielles)<br>arrêté valable du 16/09/2022 au 31/10/2022
La Sône (38840),Alerte renforcée,zone : Nappes du Bas Dauphiné Chambaran et des terrasses de l'Isère (eaux souterraines)<br>arrêté valable du 16/09/2022 au 31/10/2022
La Terrasse (38660),Alerte renforcée,zone : Chartreuse et Guiers (eaux superficielles)<br>arrêté valable du 16/09/2022 au 31/10/2022
La Tour-du-Pin (38110),Alerte renforcée,zone : Bourbre (eaux superficielles)<br>arrêté valable du 16/09/2022 au 31/10/2022
La Tronche (38700),Alerte renforcée,zone : Chartreuse et Guiers (eaux superficielles)<br>arrêté valable du 16/09/2022 au 31/10/2022
La Valette (38350),Alerte renforcée,zone : Oisans et Bonne (eaux superficielles)<br>arrêté valable du 16/09/2022 au 31/10/2022
La Verpillière (38290),Alerte renforcée,zone : Bourbre (eaux superficielles)<br>arrêté valable du 16/09/2022 au 31/10/2022
Laffrey (38220),Alerte renforcée,zone : Trièves et Matheysine (eaux superficielles)<br>arrêté valable du 16/09/2022 au 31/10/2022
Lalley (38930),Alerte renforcée,zone : Trièves et Matheysine (eaux superficielles)<br>arrêté valable du 16/09/2022 au 31/10/2022
Lans-en-Vercors (38250),Alerte renforcée,zone : Vercors (eaux superficielles)<br>arrêté valable du 16/09/2022 au 31/10/2022
Laval-en-Belledonne (38190),Alerte renforcée,zone : Belledonne (eaux superficielles)<br>arrêté valable du 16/09/2022 au 31/10/2022
Lavaldens (38350),Alerte renforcée,zone : Oisans et Bonne (eaux superficielles)<br>arrêté valable du 16/09/2022 au 31/10/2022
Lavars (38710),Alerte renforcée,zone : Trièves et Matheysine (eaux superficielles)<br>arrêté valable du 16/09/2022 au 31/10/2022
Le Bouchage (38510),Alerte renforcée,zone : Isle Crémieu (eaux superficielles)<br>arrêté valable du 16/09/2022 au 31/10/2022
Le Bourg-d'Oisans (38520),Alerte renforcée,zone : Oisans et Bonne (eaux superficielles)<br>arrêté valable du 16/09/2022 au 31/10/2022
Le Champ-près-Froges (38190),Alerte renforcée,zone : Belledonne (eaux superficielles)<br>arrêté valable du 16/09/2022 au 31/10/2022
Le Cheylas (38570),Alerte renforcée,zone : Belledonne (eaux superficielles)<br>arrêté valable du 16/09/2022 au 31/10/2022
Le Freney-d'Oisans (38142),Alerte renforcée,zone : Oisans et Bonne (eaux superficielles)<br>arrêté valable du 16/09/2022 au 31/10/2022
Le Grand-Lemps (38690),Crise,zone : Bièvre-Liers-Valloire (eaux superficielles)<br>arrêté valable du 17/08/2022 au 30/09/2022
Le Grand-Lemps (38690),Alerte,zone : Nappes de Bièvre-Liers-Valloire (eaux souterraines)<br>arrêté valable du 17/08/2022 au 30/09/2022
Le Gua (38450),Alerte renforcée,zone : Vercors (eaux superficielles)<br>arrêté valable du 16/09/2022 au 31/10/2022
Le Haut-Bréda (38580),Alerte renforcée,zone : Belledonne (eaux superficielles)<br>arrêté valable du 16/09/2022 au 31/10/2022
Le Monestier-du-Percy (38930),Alerte renforcée,zone : Trièves et Matheysine (eaux superficielles)<br>arrêté valable du 16/09/2022 au 31/10/2022
Le Moutaret (38580),Alerte renforcée,zone : Belledonne (eaux superficielles)<br>arrêté valable du 16/09/2022 au 31/10/2022
Le Passage (38490),Alerte renforcée,zone : Bourbre (eaux superficielles)<br>arrêté valable du 16/09/2022 au 31/10/2022
Le Pont-de-Beauvoisin (38480),Alerte renforcée,zone : Chartreuse et Guiers (eaux superficielles)<br>arrêté valable du 16/09/2022 au 31/10/2022
Le Pont-de-Claix (38800),Alerte renforcée,zone : Belledonne (eaux superficielles)<br>arrêté valable du 16/09/2022 au 31/10/2022
Le Pont-de-Claix (38800),Alerte renforcée,zone : Vercors (eaux superficielles)<br>arrêté valable du 16/09/2022 au 31/10/2022
Le Péage-de-Roussillon (38550),Alerte renforcée,"zone : Sanne, Varèze et 4 Vallées (eaux superficielles)<br>arrêté valable du 16/09/2022 au 31/10/2022"
Le Péage-de-Roussillon (38550),Alerte,"zone : Nappes des 4Vallées, de la Sanneet de la Varèze (eaux souterraines)<br>arrêté valable du 16/09/2022 au 31/10/2022"
Le Sappey-en-Chartreuse (38700),Alerte renforcée,zone : Chartreuse et Guiers (eaux superficielles)<br>arrêté valable du 16/09/2022 au 31/10/2022
Le Touvet (38660),Alerte renforcée,zone : Chartreuse et Guiers (eaux superficielles)<br>arrêté valable du 16/09/2022 au 31/10/2022
Le Versoud (38420),Alerte renforcée,zone : Belledonne (eaux superficielles)<br>arrêté valable du 16/09/2022 au 31/10/2022
Lentiol (38270),Crise,zone : Bièvre-Liers-Valloire (eaux superficielles)<br>arrêté valable du 17/08/2022 au 30/09/2022
Lentiol (38270),Alerte,zone : Nappes de Bièvre-Liers-Valloire (eaux souterraines)<br>arrêté valable du 17/08/2022 au 30/09/2022
Les Abrets en Dauphiné (38490),Alerte renforcée,zone : Bourbre (eaux superficielles)<br>arrêté valable du 16/09/2022 au 31/10/2022
Les Adrets (38190),Alerte renforcée,zone : Belledonne (eaux superficielles)<br>arrêté valable du 16/09/2022 au 31/10/2022
Les Avenières Veyrins-Thuellin (38630),Alerte renforcée,zone : Isle Crémieu (eaux superficielles)<br>arrêté valable du 16/09/2022 au 31/10/2022
Les Côtes-d'Arey (38138),Alerte renforcée,"zone : Sanne, Varèze et 4 Vallées (eaux superficielles)<br>arrêté valable du 16/09/2022 au 31/10/2022"
Les Côtes-d'Arey (38138),Alerte,"zone : Nappes des 4Vallées, de la Sanneet de la Varèze (eaux souterraines)<br>arrêté valable du 16/09/2022 au 31/10/2022"
Les Côtes-de-Corps (38970),Alerte renforcée,zone : Trièves et Matheysine (eaux superficielles)<br>arrêté valable du 16/09/2022 au 31/10/2022
"Les Deux Alpes (38860, 38520)",Alerte renforcée,zone : Oisans et Bonne (eaux superficielles)<br>arrêté valable du 16/09/2022 au 31/10/2022
Les Roches-de-Condrieu (38370),Alerte renforcée,"zone : Sanne, Varèze et 4 Vallées (eaux superficielles)<br>arrêté valable du 16/09/2022 au 31/10/2022"
Les Éparres (38300),Alerte renforcée,zone : Bourbre (eaux superficielles)<br>arrêté valable du 16/09/2022 au 31/10/2022
Leyrieu (38460),Alerte renforcée,zone : Isle Crémieu (eaux superficielles)<br>arrêté valable du 16/09/2022 au 31/10/2022
Lieudieu (38440),Alerte renforcée,"zone : Sanne, Varèze et 4 Vallées (eaux superficielles)<br>arrêté valable du 16/09/2022 au 31/10/2022"
Lieudieu (38440),Alerte,"zone : Nappes des 4Vallées, de la Sanneet de la Varèze (eaux souterraines)<br>arrêté valable du 16/09/2022 au 31/10/2022"
Livet-et-Gavet (38220),Alerte renforcée,zone : Belledonne (eaux superficielles)<br>arrêté valable du 16/09/2022 au 31/10/2022
Livet-et-Gavet (38220),Alerte renforcée,zone : Oisans et Bonne (eaux superficielles)<br>arrêté valable du 16/09/2022 au 31/10/2022
Longechenal (38690),Crise,zone : Bièvre-Liers-Valloire (eaux superficielles)<br>arrêté valable du 17/08/2022 au 30/09/2022
Longechenal (38690),Alerte,zone : Nappes de Bièvre-Liers-Valloire (eaux souterraines)<br>arrêté valable du 17/08/2022 au 30/09/2022
Lumbin (38660),Alerte renforcée,zone : Chartreuse et Guiers (eaux superficielles)<br>arrêté valable du 16/09/2022 au 31/10/2022
Luzinay (38200),Alerte renforcée,"zone : Sanne, Varèze et 4 Vallées (eaux superficielles)<br>arrêté valable du 16/09/2022 au 31/10/2022"
Luzinay (38200),Alerte,"zone : Nappes des 4Vallées, de la Sanneet de la Varèze (eaux souterraines)<br>arrêté valable du 16/09/2022 au 31/10/2022"
Malleval-en-Vercors (38470),Alerte renforcée,zone : Vercors (eaux superficielles)<br>arrêté valable du 16/09/2022 au 31/10/2022
Malleval-en-Vercors (38470),Alerte renforcée,zone : Nappes du Bas Dauphiné Chambaran et des terrasses de l'Isère (eaux souterraines)<br>arrêté valable du 16/09/2022 au 31/10/2022
Marcieu (38350),Alerte renforcée,zone : Trièves et Matheysine (eaux superficielles)<br>arrêté valable du 16/09/2022 au 31/10/2022
Marcilloles (38260),Crise,zone : Bièvre-Liers-Valloire (eaux superficielles)<br>arrêté valable du 17/08/2022 au 30/09/2022
Marcilloles (38260),Alerte,zone : Nappes de Bièvre-Liers-Valloire (eaux souterraines)<br>arrêté valable du 17/08/2022 au 30/09/2022
Marcollin (38270),Crise,zone : Bièvre-Liers-Valloire (eaux superficielles)<br>arrêté valable du 17/08/2022 au 30/09/2022
Marcollin (38270),Alerte,zone : Nappes de Bièvre-Liers-Valloire (eaux souterraines)<br>arrêté valable du 17/08/2022 au 30/09/2022
Marnans (38980),Crise,zone : Bièvre-Liers-Valloire (eaux superficielles)<br>arrêté valable du 17/08/2022 au 30/09/2022
Marnans (38980),Alerte,zone : Nappes de Bièvre-Liers-Valloire (eaux souterraines)<br>arrêté valable du 17/08/2022 au 30/09/2022
Massieu (38620),Alerte renforcée,zone : Chartreuse et Guiers (eaux superficielles)<br>arrêté valable du 16/09/2022 au 31/10/2022
Maubec (38300),Alerte renforcée,zone : Bourbre (eaux superficielles)<br>arrêté valable du 16/09/2022 au 31/10/2022
Mayres-Savel (38350),Alerte renforcée,zone : Trièves et Matheysine (eaux superficielles)<br>arrêté valable du 16/09/2022 au 31/10/2022
Mens (38710),Alerte renforcée,zone : Trièves et Matheysine (eaux superficielles)<br>arrêté valable du 16/09/2022 au 31/10/2022
Merlas (38620),Alerte renforcée,zone : Chartreuse et Guiers (eaux superficielles)<br>arrêté valable du 16/09/2022 au 31/10/2022
Meylan (38240),Alerte renforcée,zone : Chartreuse et Guiers (eaux superficielles)<br>arrêté valable du 16/09/2022 au 31/10/2022
Meyrieu-les-Étangs (38440),Alerte renforcée,"zone : Sanne, Varèze et 4 Vallées (eaux superficielles)<br>arrêté valable du 16/09/2022 au 31/10/2022"
Meyrieu-les-Étangs (38440),Alerte,"zone : Nappes des 4Vallées, de la Sanneet de la Varèze (eaux souterraines)<br>arrêté valable du 16/09/2022 au 31/10/2022"
Meyrié (38300),Alerte renforcée,zone : Bourbre (eaux superficielles)<br>arrêté valable du 16/09/2022 au 31/10/2022
Meyssiez (38440),Alerte renforcée,"zone : Sanne, Varèze et 4 Vallées (eaux superficielles)<br>arrêté valable du 16/09/2022 au 31/10/2022"
Meyssiez (38440),Alerte,"zone : Nappes des 4Vallées, de la Sanneet de la Varèze (eaux souterraines)<br>arrêté valable du 16/09/2022 au 31/10/2022"
Miribel-Lanchâtre (38450),Alerte renforcée,zone : Vercors (eaux superficielles)<br>arrêté valable du 16/09/2022 au 31/10/2022
Miribel-les-Échelles (38380),Alerte renforcée,zone : Chartreuse et Guiers (eaux superficielles)<br>arrêté valable du 16/09/2022 au 31/10/2022
Mizoën (38142),Alerte renforcée,zone : Oisans et Bonne (eaux superficielles)<br>arrêté valable du 16/09/2022 au 31/10/2022
Moidieu-Détourbe (38440),Alerte renforcée,"zone : Sanne, Varèze et 4 Vallées (eaux superficielles)<br>arrêté valable du 16/09/2022 au 31/10/2022"
Moidieu-Détourbe (38440),Alerte,"zone : Nappes des 4Vallées, de la Sanneet de la Varèze (eaux souterraines)<br>arrêté valable du 16/09/2022 au 31/10/2022"
Moirans (38430),Alerte renforcée,zone : Paladru et Fure (eaux superficielles)<br>arrêté valable du 16/09/2022 au 31/10/2022
Moissieu-sur-Dolon (38270),Crise,zone : Bièvre-Liers-Valloire (eaux superficielles)<br>arrêté valable du 17/08/2022 au 30/09/2022
Moissieu-sur-Dolon (38270),Alerte,zone : Nappes de Bièvre-Liers-Valloire (eaux souterraines)<br>arrêté valable du 17/08/2022 au 30/09/2022
Monestier-d'Ambel (38970),Alerte renforcée,zone : Trièves et Matheysine (eaux superficielles)<br>arrêté valable du 16/09/2022 au 31/10/2022
Monestier-de-Clermont (38650),Alerte renforcée,zone : Vercors (eaux superficielles)<br>arrêté valable du 16/09/2022 au 31/10/2022
Monsteroux-Milieu (38122),Alerte renforcée,"zone : Sanne, Varèze et 4 Vallées (eaux superficielles)<br>arrêté valable du 16/09/2022 au 31/10/2022"
Monsteroux-Milieu (38122),Alerte,"zone : Nappes des 4Vallées, de la Sanneet de la Varèze (eaux souterraines)<br>arrêté valable du 16/09/2022 au 31/10/2022"
Mont-Saint-Martin (38120),Alerte renforcée,zone : Chartreuse et Guiers (eaux superficielles)<br>arrêté valable du 16/09/2022 au 31/10/2022
Montagne (38160),Alerte renforcée,zone : Chambaran (eaux superficielles)<br>arrêté valable du 16/09/2022 au 31/10/2022
Montagne (38160),Alerte renforcée,zone : Nappes du Bas Dauphiné Chambaran et des terrasses de l'Isère (eaux souterraines)<br>arrêté valable du 16/09/2022 au 31/10/2022
Montagnieu (38110),Alerte renforcée,zone : Bourbre (eaux superficielles)<br>arrêté valable du 16/09/2022 au 31/10/2022
Montalieu-Vercieu (38390),Alerte renforcée,zone : Isle Crémieu (eaux superficielles)<br>arrêté valable du 16/09/2022 au 31/10/2022
Montaud (38210),Alerte renforcée,zone : Vercors (eaux superficielles)<br>arrêté valable du 16/09/2022 au 31/10/2022
Montbonnot-Saint-Martin (38330),Alerte renforcée,zone : Chartreuse et Guiers (eaux superficielles)<br>arrêté valable du 16/09/2022 au 31/10/2022
Montcarra (38890),Alerte renforcée,zone : Bourbre (eaux superficielles)<br>arrêté valable du 16/09/2022 au 31/10/2022
Montchaboud (38220),Alerte renforcée,zone : Belledonne (eaux superficielles)<br>arrêté valable du 16/09/2022 au 31/10/2022
Monteynard (38770),Alerte renforcée,zone : Trièves et Matheysine (eaux superficielles)<br>arrêté valable du 16/09/2022 au 31/10/2022
Montfalcon (38940),Alerte renforcée,zone : Galaure et Drôme des Collines (eaux superficielles)<br>arrêté valable du 19/09/2022 au 31/10/2022
Montfalcon (38940),Crise,zone : Nappes de Galaure et Drôme des Collines (eaux souterraines)<br>arrêté valable du 19/09/2022 au 31/10/2022
Montferrat (38620),Alerte renforcée,zone : Paladru et Fure (eaux superficielles)<br>arrêté valable du 16/09/2022 au 31/10/2022
Montrevel (38690),Alerte renforcée,zone : Bourbre (eaux superficielles)<br>arrêté valable du 16/09/2022 au 31/10/2022
Montseveroux (38122),Alerte renforcée,"zone : Sanne, Varèze et 4 Vallées (eaux superficielles)<br>arrêté valable du 16/09/2022 au 31/10/2022"
Montseveroux (38122),Alerte,"zone : Nappes des 4Vallées, de la Sanneet de la Varèze (eaux souterraines)<br>arrêté valable du 16/09/2022 au 31/10/2022"
Moras (38460),Alerte renforcée,zone : Bourbre (eaux superficielles)<br>arrêté valable du 16/09/2022 au 31/10/2022
Morestel (38510),Alerte renforcée,zone : Isle Crémieu (eaux superficielles)<br>arrêté valable du 16/09/2022 au 31/10/2022
Morette (38210),Alerte renforcée,zone : Chambaran (eaux superficielles)<br>arrêté valable du 16/09/2022 au 31/10/2022
Morette (38210),Alerte renforcée,zone : Nappes du Bas Dauphiné Chambaran et des terrasses de l'Isère (eaux souterraines)<br>arrêté valable du 16/09/2022 au 31/10/2022
Mottier (38260),Crise,zone : Bièvre-Liers-Valloire (eaux superficielles)<br>arrêté valable du 17/08/2022 au 30/09/2022
Mottier (38260),Alerte,zone : Nappes de Bièvre-Liers-Valloire (eaux souterraines)<br>arrêté valable du 17/08/2022 au 30/09/2022
Murianette (38420),Alerte renforcée,zone : Belledonne (eaux superficielles)<br>arrêté valable du 16/09/2022 au 31/10/2022
Murinais (38160),Alerte renforcée,zone : Chambaran (eaux superficielles)<br>arrêté valable du 16/09/2022 au 31/10/2022
Murinais (38160),Alerte renforcée,zone : Nappes du Bas Dauphiné Chambaran et des terrasses de l'Isère (eaux souterraines)<br>arrêté valable du 16/09/2022 au 31/10/2022
Nantes-en-Ratier (38350),Alerte renforcée,zone : Oisans et Bonne (eaux superficielles)<br>arrêté valable du 16/09/2022 au 31/10/2022
Nivolas-Vermelle (38300),Alerte renforcée,zone : Bourbre (eaux superficielles)<br>arrêté valable du 16/09/2022 au 31/10/2022
Notre-Dame-de-Commiers (38450),Alerte renforcée,zone : Trièves et Matheysine (eaux superficielles)<br>arrêté valable du 16/09/2022 au 31/10/2022
Notre-Dame-de-Commiers (38450),Alerte renforcée,zone : Vercors (eaux superficielles)<br>arrêté valable du 16/09/2022 au 31/10/2022
Notre-Dame-de-Mésage (38220),Alerte renforcée,zone : Oisans et Bonne (eaux superficielles)<br>arrêté valable du 16/09/2022 au 31/10/2022
Notre-Dame-de-Vaulx (38144),Alerte renforcée,zone : Trièves et Matheysine (eaux superficielles)<br>arrêté valable du 16/09/2022 au 31/10/2022
Notre-Dame-de-l'Osier (38470),Alerte renforcée,zone : Chambaran (eaux superficielles)<br>arrêté valable du 16/09/2022 au 31/10/2022
Notre-Dame-de-l'Osier (38470),Alerte renforcée,zone : Nappes du Bas Dauphiné Chambaran et des terrasses de l'Isère (eaux souterraines)<br>arrêté valable du 16/09/2022 au 31/10/2022
Noyarey (38360),Alerte renforcée,zone : Vercors (eaux superficielles)<br>arrêté valable du 16/09/2022 au 31/10/2022
Optevoz (38460),Alerte renforcée,zone : Isle Crémieu (eaux superficielles)<br>arrêté valable du 16/09/2022 au 31/10/2022
Oris-en-Rattier (38350),Alerte renforcée,zone : Oisans et Bonne (eaux superficielles)<br>arrêté valable du 16/09/2022 au 31/10/2022
Ornacieux-Balbins (38260),Crise,zone : Bièvre-Liers-Valloire (eaux superficielles)<br>arrêté valable du 17/08/2022 au 30/09/2022
Ornacieux-Balbins (38260),Alerte,zone : Nappes de Bièvre-Liers-Valloire (eaux souterraines)<br>arrêté valable du 17/08/2022 au 30/09/2022
Ornon (38520),Alerte renforcée,zone : Oisans et Bonne (eaux superficielles)<br>arrêté valable du 16/09/2022 au 31/10/2022
Oulles (38520),Alerte renforcée,zone : Oisans et Bonne (eaux superficielles)<br>arrêté valable du 16/09/2022 au 31/10/2022
Oyeu (38690),Crise,zone : Bièvre-Liers-Valloire (eaux superficielles)<br>arrêté valable du 17/08/2022 au 30/09/2022
Oyeu (38690),Alerte,zone : Nappes de Bièvre-Liers-Valloire (eaux souterraines)<br>arrêté valable du 17/08/2022 au 30/09/2022
Oytier-Saint-Oblas (38780),Alerte renforcée,"zone : Sanne, Varèze et 4 Vallées (eaux superficielles)<br>arrêté valable du 16/09/2022 au 31/10/2022"
Oytier-Saint-Oblas (38780),Alerte,"zone : Nappes des 4Vallées, de la Sanneet de la Varèze (eaux souterraines)<br>arrêté valable du 16/09/2022 au 31/10/2022"
Oz (38114),Alerte renforcée,zone : Oisans et Bonne (eaux superficielles)<br>arrêté valable du 16/09/2022 au 31/10/2022
Pact (38270),Crise,zone : Bièvre-Liers-Valloire (eaux superficielles)<br>arrêté valable du 17/08/2022 au 30/09/2022
Pact (38270),Alerte,zone : Nappes de Bièvre-Liers-Valloire (eaux souterraines)<br>arrêté valable du 17/08/2022 au 30/09/2022
Pajay (38260),Crise,zone : Bièvre-Liers-Valloire (eaux superficielles)<br>arrêté valable du 17/08/2022 au 30/09/2022
Pajay (38260),Alerte,zone : Nappes de Bièvre-Liers-Valloire (eaux souterraines)<br>arrêté valable du 17/08/2022 au 30/09/2022
Panossas (38460),Alerte renforcée,zone : Bourbre (eaux superficielles)<br>arrêté valable du 16/09/2022 au 31/10/2022
Parmilieu (38390),Alerte renforcée,zone : Isle Crémieu (eaux superficielles)<br>arrêté valable du 16/09/2022 au 31/10/2022
Pellafol (38970),Alerte renforcée,zone : Trièves et Matheysine (eaux superficielles)<br>arrêté valable du 16/09/2022 au 31/10/2022
Penol (38260),Crise,zone : Bièvre-Liers-Valloire (eaux superficielles)<br>arrêté valable du 17/08/2022 au 30/09/2022
Penol (38260),Alerte,zone : Nappes de Bièvre-Liers-Valloire (eaux souterraines)<br>arrêté valable du 17/08/2022 au 30/09/2022
Percy (38930),Alerte renforcée,zone : Trièves et Matheysine (eaux superficielles)<br>arrêté valable du 16/09/2022 au 31/10/2022
Pierre-Châtel (38119),Alerte renforcée,zone : Trièves et Matheysine (eaux superficielles)<br>arrêté valable du 16/09/2022 au 31/10/2022
Pisieu (38270),Crise,zone : Bièvre-Liers-Valloire (eaux superficielles)<br>arrêté valable du 17/08/2022 au 30/09/2022
Pisieu (38270),Alerte,zone : Nappes de Bièvre-Liers-Valloire (eaux souterraines)<br>arrêté valable du 17/08/2022 au 30/09/2022
Plan (38590),Crise,zone : Bièvre-Liers-Valloire (eaux superficielles)<br>arrêté valable du 17/08/2022 au 30/09/2022
Plan (38590),Alerte,zone : Nappes de Bièvre-Liers-Valloire (eaux souterraines)<br>arrêté valable du 17/08/2022 au 30/09/2022
Plateau-des-Petites-Roches (38660),Alerte renforcée,zone : Chartreuse et Guiers (eaux superficielles)<br>arrêté valable du 16/09/2022 au 31/10/2022
Poisat (38320),Alerte renforcée,zone : Belledonne (eaux superficielles)<br>arrêté valable du 16/09/2022 au 31/10/2022
Poliénas (38210),Alerte renforcée,zone : Chambaran (eaux superficielles)<br>arrêté valable du 16/09/2022 au 31/10/2022
Poliénas (38210),Alerte renforcée,zone : Nappes du Bas Dauphiné Chambaran et des terrasses de l'Isère (eaux souterraines)<br>arrêté valable du 16/09/2022 au 31/10/2022
Pommier-de-Beaurepaire (38260),Crise,zone : Bièvre-Liers-Valloire (eaux superficielles)<br>arrêté valable du 17/08/2022 au 30/09/2022
Pommier-de-Beaurepaire (38260),Alerte,zone : Nappes de Bièvre-Liers-Valloire (eaux souterraines)<br>arrêté valable du 17/08/2022 au 30/09/2022
Ponsonnas (38350),Alerte renforcée,zone : Oisans et Bonne (eaux superficielles)<br>arrêté valable du 16/09/2022 au 31/10/2022
Ponsonnas (38350),Alerte renforcée,zone : Trièves et Matheysine (eaux superficielles)<br>arrêté valable du 16/09/2022 au 31/10/2022
Pont-de-Chéruy (38230),Alerte renforcée,zone : Bourbre (eaux superficielles)<br>arrêté valable du 16/09/2022 au 31/10/2022
Pont-en-Royans (38680),Alerte renforcée,zone : Vercors (eaux superficielles)<br>arrêté valable du 16/09/2022 au 31/10/2022
Pont-Évêque (38780),Alerte renforcée,"zone : Sanne, Varèze et 4 Vallées (eaux superficielles)<br>arrêté valable du 16/09/2022 au 31/10/2022"
Pont-Évêque (38780),Alerte,"zone : Nappes des 4Vallées, de la Sanneet de la Varèze (eaux souterraines)<br>arrêté valable du 16/09/2022 au 31/10/2022"
Pontcharra (38530),Alerte renforcée,zone : Belledonne (eaux superficielles)<br>arrêté valable du 16/09/2022 au 31/10/2022
Porcieu-Amblagnieu (38390),Alerte renforcée,zone : Isle Crémieu (eaux superficielles)<br>arrêté valable du 16/09/2022 au 31/10/2022
Porte-des-Bonnevaux (38260),Crise,zone : Bièvre-Liers-Valloire (eaux superficielles)<br>arrêté valable du 17/08/2022 au 30/09/2022
Porte-des-Bonnevaux (38260),Alerte,zone : Nappes de Bièvre-Liers-Valloire (eaux souterraines)<br>arrêté valable du 17/08/2022 au 30/09/2022
Presles (38680),Alerte renforcée,zone : Vercors (eaux superficielles)<br>arrêté valable du 16/09/2022 au 31/10/2022
Pressins (38480),Alerte renforcée,zone : Chartreuse et Guiers (eaux superficielles)<br>arrêté valable du 16/09/2022 au 31/10/2022
Primarette (38270),Crise,zone : Bièvre-Liers-Valloire (eaux superficielles)<br>arrêté valable du 17/08/2022 au 30/09/2022
Primarette (38270),Alerte,zone : Nappes de Bièvre-Liers-Valloire (eaux souterraines)<br>arrêté valable du 17/08/2022 au 30/09/2022
Proveysieux (38120),Alerte renforcée,zone : Chartreuse et Guiers (eaux superficielles)<br>arrêté valable du 16/09/2022 au 31/10/2022
Prunières (38350),Alerte renforcée,zone : Trièves et Matheysine (eaux superficielles)<br>arrêté valable du 16/09/2022 au 31/10/2022
Prébois (38710),Alerte renforcée,zone : Trièves et Matheysine (eaux superficielles)<br>arrêté valable du 16/09/2022 au 31/10/2022
Quaix-en-Chartreuse (38950),Alerte renforcée,zone : Chartreuse et Guiers (eaux superficielles)<br>arrêté valable du 16/09/2022 au 31/10/2022
Quet-en-Beaumont (38970),Alerte renforcée,zone : Trièves et Matheysine (eaux superficielles)<br>arrêté valable du 16/09/2022 au 31/10/2022
Quincieu (38470),Alerte renforcée,zone : Chambaran (eaux superficielles)<br>arrêté valable du 16/09/2022 au 31/10/2022
Quincieu (38470),Alerte renforcée,zone : Nappes du Bas Dauphiné Chambaran et des terrasses de l'Isère (eaux souterraines)<br>arrêté valable du 16/09/2022 au 31/10/2022
Renage (38140),Alerte renforcée,zone : Paladru et Fure (eaux superficielles)<br>arrêté valable du 16/09/2022 au 31/10/2022
Rencurel (38680),Alerte renforcée,zone : Vercors (eaux superficielles)<br>arrêté valable du 16/09/2022 au 31/10/2022
Revel (38420),Alerte renforcée,zone : Belledonne (eaux superficielles)<br>arrêté valable du 16/09/2022 au 31/10/2022
Revel-Tourdan (38270),Crise,zone : Bièvre-Liers-Valloire (eaux superficielles)<br>arrêté valable du 17/08/2022 au 30/09/2022
Revel-Tourdan (38270),Alerte,zone : Nappes de Bièvre-Liers-Valloire (eaux souterraines)<br>arrêté valable du 17/08/2022 au 30/09/2022
Reventin-Vaugris (38121),Alerte renforcée,"zone : Sanne, Varèze et 4 Vallées (eaux superficielles)<br>arrêté valable du 16/09/2022 au 31/10/2022"
Reventin-Vaugris (38121),Alerte,"zone : Nappes des 4Vallées, de la Sanneet de la Varèze (eaux souterraines)<br>arrêté valable du 16/09/2022 au 31/10/2022"
Rives (38140),Alerte renforcée,zone : Paladru et Fure (eaux superficielles)<br>arrêté valable du 16/09/2022 au 31/10/2022
Roche (38090),Alerte renforcée,zone : Bourbre (eaux superficielles)<br>arrêté valable du 16/09/2022 au 31/10/2022
Rochetoirin (38110),Alerte renforcée,zone : Bourbre (eaux superficielles)<br>arrêté valable du 16/09/2022 au 31/10/2022
Roissard (38650),Alerte renforcée,zone : Trièves et Matheysine (eaux superficielles)<br>arrêté valable du 16/09/2022 au 31/10/2022
Romagnieu (38480),Alerte renforcée,zone : Chartreuse et Guiers (eaux superficielles)<br>arrêté valable du 16/09/2022 au 31/10/2022
Roussillon (38150),Alerte renforcée,"zone : Sanne, Varèze et 4 Vallées (eaux superficielles)<br>arrêté valable du 16/09/2022 au 31/10/2022"
Roussillon (38150),Alerte,"zone : Nappes des 4Vallées, de la Sanneet de la Varèze (eaux souterraines)<br>arrêté valable du 16/09/2022 au 31/10/2022"
Rovon (38470),Alerte renforcée,zone : Vercors (eaux superficielles)<br>arrêté valable du 16/09/2022 au 31/10/2022
Rovon (38470),Alerte renforcée,zone : Nappes du Bas Dauphiné Chambaran et des terrasses de l'Isère (eaux souterraines)<br>arrêté valable du 16/09/2022 au 31/10/2022
Royas (38440),Alerte renforcée,"zone : Sanne, Varèze et 4 Vallées (eaux superficielles)<br>arrêté valable du 16/09/2022 au 31/10/2022"
Royas (38440),Alerte,"zone : Nappes des 4Vallées, de la Sanneet de la Varèze (eaux souterraines)<br>arrêté valable du 16/09/2022 au 31/10/2022"
Roybon (38940),Alerte renforcée,zone : Galaure et Drôme des Collines (eaux superficielles)<br>arrêté valable du 19/09/2022 au 31/10/2022
Roybon (38940),Crise,zone : Nappes de Galaure et Drôme des Collines (eaux souterraines)<br>arrêté valable du 19/09/2022 au 31/10/2022
Ruy-Montceau (38300),Alerte renforcée,zone : Bourbre (eaux superficielles)<br>arrêté valable du 16/09/2022 au 31/10/2022
Réaumont (38140),Alerte renforcée,zone : Paladru et Fure (eaux superficielles)<br>arrêté valable du 16/09/2022 au 31/10/2022
Sablons (38550),Crise,zone : Bièvre-Liers-Valloire (eaux superficielles)<br>arrêté valable du 17/08/2022 au 30/09/2022
Sablons (38550),Alerte,zone : Nappes de Bièvre-Liers-Valloire (eaux souterraines)<br>arrêté valable du 17/08/2022 au 30/09/2022
Saint Antoine l'Abbaye (38160),Alerte renforcée,zone : Chambaran (eaux superficielles)<br>arrêté valable du 16/09/2022 au 31/10/2022
Saint Antoine l'Abbaye (38160),Alerte renforcée,zone : Nappes du Bas Dauphiné Chambaran et des terrasses de l'Isère (eaux souterraines)<br>arrêté valable du 16/09/2022 au 31/10/2022
Saint-Agnin-sur-Bion (38300),Alerte renforcée,zone : Bourbre (eaux superficielles)<br>arrêté valable du 16/09/2022 au 31/10/2022
Saint-Alban-de-Roche (38080),Alerte renforcée,zone : Bourbre (eaux superficielles)<br>arrêté valable du 16/09/2022 au 31/10/2022
Saint-Alban-du-Rhône (38370),Alerte renforcée,"zone : Sanne, Varèze et 4 Vallées (eaux superficielles)<br>arrêté valable du 16/09/2022 au 31/10/2022"
Saint-Albin-de-Vaulserre (38480),Alerte renforcée,zone : Chartreuse et Guiers (eaux superficielles)<br>arrêté valable du 16/09/2022 au 31/10/2022
Saint-André-en-Royans (38680),Alerte renforcée,zone : Vercors (eaux superficielles)<br>arrêté valable du 16/09/2022 au 31/10/2022
Saint-André-le-Gaz (38490),Alerte renforcée,zone : Bourbre (eaux superficielles)<br>arrêté valable du 16/09/2022 au 31/10/2022
Saint-Andéol (38650),Alerte renforcée,zone : Vercors (eaux superficielles)<br>arrêté valable du 16/09/2022 au 31/10/2022
Saint-Appolinard (38160),Alerte renforcée,zone : Chambaran (eaux superficielles)<br>arrêté valable du 16/09/2022 au 31/10/2022
Saint-Appolinard (38160),Alerte renforcée,zone : Nappes du Bas Dauphiné Chambaran et des terrasses de l'Isère (eaux souterraines)<br>arrêté valable du 16/09/2022 au 31/10/2022
Saint-Arey (38350),Alerte renforcée,zone : Trièves et Matheysine (eaux superficielles)<br>arrêté valable du 16/09/2022 au 31/10/2022
Saint-Aupre (38960),Alerte renforcée,zone : Paladru et Fure (eaux superficielles)<br>arrêté valable du 16/09/2022 au 31/10/2022
Saint-Barthélemy (38270),Crise,zone : Bièvre-Liers-Valloire (eaux superficielles)<br>arrêté valable du 17/08/2022 au 30/09/2022
Saint-Barthélemy (38270),Alerte,zone : Nappes de Bièvre-Liers-Valloire (eaux souterraines)<br>arrêté valable du 17/08/2022 au 30/09/2022
Saint-Barthélemy-de-Séchilienne (38220),Alerte renforcée,zone : Oisans et Bonne (eaux superficielles)<br>arrêté valable du 16/09/2022 au 31/10/2022
Saint-Baudille-de-la-Tour (38118),Alerte renforcée,zone : Isle Crémieu (eaux superficielles)<br>arrêté valable du 16/09/2022 au 31/10/2022
Saint-Baudille-et-Pipet (38710),Alerte renforcée,zone : Trièves et Matheysine (eaux superficielles)<br>arrêté valable du 16/09/2022 au 31/10/2022
Saint-Blaise-du-Buis (38140),Alerte renforcée,zone : Paladru et Fure (eaux superficielles)<br>arrêté valable du 16/09/2022 au 31/10/2022
Saint-Bonnet-de-Chavagne (38840),Alerte renforcée,zone : Chambaran (eaux superficielles)<br>arrêté valable du 16/09/2022 au 31/10/2022
Saint-Bonnet-de-Chavagne (38840),Alerte renforcée,zone : Nappes du Bas Dauphiné Chambaran et des terrasses de l'Isère (eaux souterraines)<br>arrêté valable du 16/09/2022 au 31/10/2022
Saint-Bueil (38620),Alerte renforcée,zone : Chartreuse et Guiers (eaux superficielles)<br>arrêté valable du 16/09/2022 au 31/10/2022
Saint-Cassien (38500),Alerte renforcée,zone : Paladru et Fure (eaux superficielles)<br>arrêté valable du 16/09/2022 au 31/10/2022
Saint-Chef (38890),Alerte renforcée,zone : Bourbre (eaux superficielles)<br>arrêté valable du 16/09/2022 au 31/10/2022
Saint-Christophe-en-Oisans (38520),Alerte renforcée,zone : Oisans et Bonne (eaux superficielles)<br>arrêté valable du 16/09/2022 au 31/10/2022
Saint-Christophe-sur-Guiers (38380),Alerte renforcée,zone : Chartreuse et Guiers (eaux superficielles)<br>arrêté valable du 16/09/2022 au 31/10/2022
Saint-Clair-de-la-Tour (38110),Alerte renforcée,zone : Bourbre (eaux superficielles)<br>arrêté valable du 16/09/2022 au 31/10/2022
Saint-Clair-du-Rhône (38370),Alerte renforcée,"zone : Sanne, Varèze et 4 Vallées (eaux superficielles)<br>arrêté valable du 16/09/2022 au 31/10/2022"
Saint-Clair-sur-Galaure (38940),Alerte renforcée,zone : Galaure et Drôme des Collines (eaux superficielles)<br>arrêté valable du 19/09/2022 au 31/10/2022
Saint-Clair-sur-Galaure (38940),Crise,zone : Nappes de Galaure et Drôme des Collines (eaux souterraines)<br>arrêté valable du 19/09/2022 au 31/10/2022
Saint-Didier-de-Bizonnes (38690),Crise,zone : Bièvre-Liers-Valloire (eaux superficielles)<br>arrêté valable du 17/08/2022 au 30/09/2022
Saint-Didier-de-Bizonnes (38690),Alerte,zone : Nappes de Bièvre-Liers-Valloire (eaux souterraines)<br>arrêté valable du 17/08/2022 au 30/09/2022
Saint-Didier-de-la-Tour (38110),Alerte renforcée,zone : Bourbre (eaux superficielles)<br>arrêté valable du 16/09/2022 au 31/10/2022
Saint-Geoire-en-Valdaine (38620),Alerte renforcée,zone : Chartreuse et Guiers (eaux superficielles)<br>arrêté valable du 16/09/2022 au 31/10/2022
Saint-Geoirs (38590),Crise,zone : Bièvre-Liers-Valloire (eaux superficielles)<br>arrêté valable du 17/08/2022 au 30/09/2022
Saint-Geoirs (38590),Alerte,zone : Nappes de Bièvre-Liers-Valloire (eaux souterraines)<br>arrêté valable du 17/08/2022 au 30/09/2022
Saint-Georges-d'Espéranche (38790),Alerte renforcée,"zone : Sanne, Varèze et 4 Vallées (eaux superficielles)<br>arrêté valable du 16/09/2022 au 31/10/2022"
Saint-Georges-d'Espéranche (38790),Alerte,"zone : Nappes des 4Vallées, de la Sanneet de la Varèze (eaux souterraines)<br>arrêté valable du 16/09/2022 au 31/10/2022"
Saint-Georges-de-Commiers (38450),Alerte renforcée,zone : Trièves et Matheysine (eaux superficielles)<br>arrêté valable du 16/09/2022 au 31/10/2022
Saint-Gervais (38470),Alerte renforcée,zone : Vercors (eaux superficielles)<br>arrêté valable du 16/09/2022 au 31/10/2022
Saint-Gervais (38470),Alerte renforcée,zone : Nappes du Bas Dauphiné Chambaran et des terrasses de l'Isère (eaux souterraines)<br>arrêté valable du 16/09/2022 au 31/10/2022
Saint-Guillaume (38650),Alerte renforcée,zone : Vercors (eaux superficielles)<br>arrêté valable du 16/09/2022 au 31/10/2022
Saint-Hilaire-de-Brens (38460),Alerte renforcée,zone : Bourbre (eaux superficielles)<br>arrêté valable du 16/09/2022 au 31/10/2022
Saint-Hilaire-de-la-Côte (38260),Crise,zone : Bièvre-Liers-Valloire (eaux superficielles)<br>arrêté valable du 17/08/2022 au 30/09/2022
Saint-Hilaire-de-la-Côte (38260),Alerte,zone : Nappes de Bièvre-Liers-Valloire (eaux souterraines)<br>arrêté valable du 17/08/2022 au 30/09/2022
Saint-Hilaire-du-Rosier (38840),Alerte renforcée,zone : Chambaran (eaux superficielles)<br>arrêté valable du 16/09/2022 au 31/10/2022
Saint-Hilaire-du-Rosier (38840),Alerte renforcée,zone : Nappes du Bas Dauphiné Chambaran et des terrasses de l'Isère (eaux souterraines)<br>arrêté valable du 16/09/2022 au 31/10/2022
Saint-Honoré (38350),Alerte renforcée,zone : Trièves et Matheysine (eaux superficielles)<br>arrêté valable du 16/09/2022 au 31/10/2022
Saint-Ismier (38330),Alerte renforcée,zone : Chartreuse et Guiers (eaux superficielles)<br>arrêté valable du 16/09/2022 au 31/10/2022
Saint-Jean-d'Avelanne (38480),Alerte renforcée,zone : Chartreuse et Guiers (eaux superficielles)<br>arrêté valable du 16/09/2022 au 31/10/2022
Saint-Jean-d'Hérans (38710),Alerte renforcée,zone : Trièves et Matheysine (eaux superficielles)<br>arrêté valable du 16/09/2022 au 31/10/2022
Saint-Jean-de-Bournay (38440),Alerte renforcée,"zone : Sanne, Varèze et 4 Vallées (eaux superficielles)<br>arrêté valable du 16/09/2022 au 31/10/2022"
Saint-Jean-de-Bournay (38440),Alerte,"zone : Nappes des 4Vallées, de la Sanneet de la Varèze (eaux souterraines)<br>arrêté valable du 16/09/2022 au 31/10/2022"
Saint-Jean-de-Moirans (38430),Alerte renforcée,zone : Paladru et Fure (eaux superficielles)<br>arrêté valable du 16/09/2022 au 31/10/2022
Saint-Jean-de-Soudain (38110),Alerte renforcée,zone : Bourbre (eaux superficielles)<br>arrêté valable du 16/09/2022 au 31/10/2022
Saint-Jean-de-Vaulx (38220),Alerte renforcée,zone : Trièves et Matheysine (eaux superficielles)<br>arrêté valable du 16/09/2022 au 31/10/2022
Saint-Jean-le-Vieux (38420),Alerte renforcée,zone : Belledonne (eaux superficielles)<br>arrêté valable du 16/09/2022 au 31/10/2022
Saint-Joseph-de-Rivière (38134),Alerte renforcée,zone : Chartreuse et Guiers (eaux superficielles)<br>arrêté valable du 16/09/2022 au 31/10/2022
Saint-Julien-de-l'Herms (38122),Alerte renforcée,"zone : Sanne, Varèze et 4 Vallées (eaux superficielles)<br>arrêté valable du 16/09/2022 au 31/10/2022"
Saint-Julien-de-l'Herms (38122),Alerte,"zone : Nappes des 4Vallées, de la Sanneet de la Varèze (eaux souterraines)<br>arrêté valable du 16/09/2022 au 31/10/2022"
Saint-Just-Chaleyssin (38540),Alerte renforcée,"zone : Sanne, Varèze et 4 Vallées (eaux superficielles)<br>arrêté valable du 16/09/2022 au 31/10/2022"
Saint-Just-Chaleyssin (38540),Alerte,"zone : Nappes des 4Vallées, de la Sanneet de la Varèze (eaux souterraines)<br>arrêté valable du 16/09/2022 au 31/10/2022"
Saint-Just-de-Claix (38680),Alerte renforcée,zone : Vercors (eaux superficielles)<br>arrêté valable du 16/09/2022 au 31/10/2022
Saint-Just-de-Claix (38680),Alerte renforcée,zone : Nappes du Bas Dauphiné Chambaran et des terrasses de l'Isère (eaux souterraines)<br>arrêté valable du 16/09/2022 au 31/10/2022
Saint-Lattier (38840),Alerte renforcée,zone : Chambaran (eaux superficielles)<br>arrêté valable du 16/09/2022 au 31/10/2022
Saint-Lattier (38840),Alerte renforcée,zone : Nappes du Bas Dauphiné Chambaran et des terrasses de l'Isère (eaux souterraines)<br>arrêté valable du 16/09/2022 au 31/10/2022
Saint-Laurent-du-Pont (38380),Alerte renforcée,zone : Chartreuse et Guiers (eaux superficielles)<br>arrêté valable du 16/09/2022 au 31/10/2022
Saint-Laurent-en-Beaumont (38350),Alerte renforcée,zone : Oisans et Bonne (eaux superficielles)<br>arrêté valable du 16/09/2022 au 31/10/2022
Saint-Laurent-en-Beaumont (38350),Alerte renforcée,zone : Trièves et Matheysine (eaux superficielles)<br>arrêté valable du 16/09/2022 au 31/10/2022
Saint-Marcel-Bel-Accueil (38080),Alerte renforcée,zone : Bourbre (eaux superficielles)<br>arrêté valable du 16/09/2022 au 31/10/2022
Saint-Marcellin (38160),Alerte renforcée,zone : Chambaran (eaux superficielles)<br>arrêté valable du 16/09/2022 au 31/10/2022
Saint-Marcellin (38160),Alerte renforcée,zone : Nappes du Bas Dauphiné Chambaran et des terrasses de l'Isère (eaux souterraines)<br>arrêté valable du 16/09/2022 au 31/10/2022
Saint-Martin-d'Hères (38400),Alerte renforcée,zone : Belledonne (eaux superficielles)<br>arrêté valable du 16/09/2022 au 31/10/2022
Saint-Martin-d'Uriage (38410),Alerte renforcée,zone : Belledonne (eaux superficielles)<br>arrêté valable du 16/09/2022 au 31/10/2022
Saint-Martin-de-Clelles (38930),Alerte renforcée,zone : Trièves et Matheysine (eaux superficielles)<br>arrêté valable du 16/09/2022 au 31/10/2022
Saint-Martin-de-Vaulserre (38480),Alerte renforcée,zone : Chartreuse et Guiers (eaux superficielles)<br>arrêté valable du 16/09/2022 au 31/10/2022
Saint-Martin-de-la-Cluze (38650),Alerte renforcée,zone : Trièves et Matheysine (eaux superficielles)<br>arrêté valable du 16/09/2022 au 31/10/2022
Saint-Martin-le-Vinoux (38950),Alerte renforcée,zone : Chartreuse et Guiers (eaux superficielles)<br>arrêté valable du 16/09/2022 au 31/10/2022
Saint-Maurice-en-Trièves (38930),Alerte renforcée,zone : Trièves et Matheysine (eaux superficielles)<br>arrêté valable du 16/09/2022 au 31/10/2022
Saint-Maurice-l'Exil (38550),Alerte renforcée,"zone : Sanne, Varèze et 4 Vallées (eaux superficielles)<br>arrêté valable du 16/09/2022 au 31/10/2022"
Saint-Maurice-l'Exil (38550),Alerte,"zone : Nappes des 4Vallées, de la Sanneet de la Varèze (eaux souterraines)<br>arrêté valable du 16/09/2022 au 31/10/2022"
Saint-Maximin (38530),Alerte renforcée,zone : Belledonne (eaux superficielles)<br>arrêté valable du 16/09/2022 au 31/10/2022
Saint-Michel-de-Saint-Geoirs (38590),Crise,zone : Bièvre-Liers-Valloire (eaux superficielles)<br>arrêté valable du 17/08/2022 au 30/09/2022
Saint-Michel-de-Saint-Geoirs (38590),Alerte,zone : Nappes de Bièvre-Liers-Valloire (eaux souterraines)<br>arrêté valable du 17/08/2022 au 30/09/2022
Saint-Michel-en-Beaumont (38350),Alerte renforcée,zone : Oisans et Bonne (eaux superficielles)<br>arrêté valable du 16/09/2022 au 31/10/2022
Saint-Michel-en-Beaumont (38350),Alerte renforcée,zone : Trièves et Matheysine (eaux superficielles)<br>arrêté valable du 16/09/2022 au 31/10/2022
Saint-Michel-les-Portes (38650),Alerte renforcée,zone : Trièves et Matheysine (eaux superficielles)<br>arrêté valable du 16/09/2022 au 31/10/2022
Saint-Mury-Monteymond (38190),Alerte renforcée,zone : Belledonne (eaux superficielles)<br>arrêté valable du 16/09/2022 au 31/10/2022
Saint-Nazaire-les-Eymes (38330),Alerte renforcée,zone : Chartreuse et Guiers (eaux superficielles)<br>arrêté valable du 16/09/2022 au 31/10/2022
Saint-Nicolas-de-Macherin (38500),Alerte renforcée,zone : Paladru et Fure (eaux superficielles)<br>arrêté valable du 16/09/2022 au 31/10/2022
Saint-Nizier-du-Moucherotte (38250),Alerte renforcée,zone : Vercors (eaux superficielles)<br>arrêté valable du 16/09/2022 au 31/10/2022
Saint-Ondras (38490),Alerte renforcée,zone : Bourbre (eaux superficielles)<br>arrêté valable du 16/09/2022 au 31/10/2022
Saint-Paul-d'Izeaux (38140),Crise,zone : Bièvre-Liers-Valloire (eaux superficielles)<br>arrêté valable du 17/08/2022 au 30/09/2022
Saint-Paul-d'Izeaux (38140),Alerte,zone : Nappes de Bièvre-Liers-Valloire (eaux souterraines)<br>arrêté valable du 17/08/2022 au 30/09/2022
Saint-Paul-de-Varces (38760),Alerte renforcée,zone : Vercors (eaux superficielles)<br>arrêté valable du 16/09/2022 au 31/10/2022
Saint-Paul-lès-Monestier (38650),Alerte renforcée,zone : Vercors (eaux superficielles)<br>arrêté valable du 16/09/2022 au 31/10/2022
Saint-Pierre-d'Entremont (38380),Alerte renforcée,zone : Chartreuse et Guiers (eaux superficielles)<br>arrêté valable du 16/09/2022 au 31/10/2022
Saint-Pierre-de-Bressieux (38870),Crise,zone : Bièvre-Liers-Valloire (eaux superficielles)<br>arrêté valable du 17/08/2022 au 30/09/2022
Saint-Pierre-de-Bressieux (38870),Alerte,zone : Nappes de Bièvre-Liers-Valloire (eaux souterraines)<br>arrêté valable du 17/08/2022 au 30/09/2022
Saint-Pierre-de-Chartreuse (38380),Alerte renforcée,zone : Chartreuse et Guiers (eaux superficielles)<br>arrêté valable du 16/09/2022 au 31/10/2022
Saint-Pierre-de-Chérennes (38160),Alerte renforcée,zone : Vercors (eaux superficielles)<br>arrêté valable du 16/09/2022 au 31/10/2022
Saint-Pierre-de-Méaroz (38350),Alerte renforcée,zone : Trièves et Matheysine (eaux superficielles)<br>arrêté valable du 16/09/2022 au 31/10/2022
Saint-Pierre-de-Mésage (38220),Alerte renforcée,zone : Oisans et Bonne (eaux superficielles)<br>arrêté valable du 16/09/2022 au 31/10/2022
Saint-Pierre-de-Mésage (38220),Alerte renforcée,zone : Trièves et Matheysine (eaux superficielles)<br>arrêté valable du 16/09/2022 au 31/10/2022
Saint-Prim (38370),Alerte renforcée,"zone : Sanne, Varèze et 4 Vallées (eaux superficielles)<br>arrêté valable du 16/09/2022 au 31/10/2022"
Saint-Prim (38370),Alerte,"zone : Nappes des 4Vallées, de la Sanneet de la Varèze (eaux souterraines)<br>arrêté valable du 16/09/2022 au 31/10/2022"
Saint-Quentin-Fallavier (38070),Alerte renforcée,zone : Bourbre (eaux superficielles)<br>arrêté valable du 16/09/2022 au 31/10/2022
Saint-Quentin-sur-Isère (38210),Alerte renforcée,zone : Paladru et Fure (eaux superficielles)<br>arrêté valable du 16/09/2022 au 31/10/2022
Saint-Quentin-sur-Isère (38210),Alerte renforcée,zone : Vercors (eaux superficielles)<br>arrêté valable du 16/09/2022 au 31/10/2022
Saint-Romain-de-Jalionas (38460),Alerte renforcée,zone : Isle Crémieu (eaux superficielles)<br>arrêté valable du 16/09/2022 au 31/10/2022
Saint-Romain-de-Surieu (38150),Alerte renforcée,"zone : Sanne, Varèze et 4 Vallées (eaux superficielles)<br>arrêté valable du 16/09/2022 au 31/10/2022"
Saint-Romain-de-Surieu (38150),Alerte,"zone : Nappes des 4Vallées, de la Sanneet de la Varèze (eaux souterraines)<br>arrêté valable du 16/09/2022 au 31/10/2022"
Saint-Romans (38160),Alerte renforcée,zone : Vercors (eaux superficielles)<br>arrêté valable du 16/09/2022 au 31/10/2022
Saint-Romans (38160),Alerte renforcée,zone : Nappes du Bas Dauphiné Chambaran et des terrasses de l'Isère (eaux souterraines)<br>arrêté valable du 16/09/2022 au 31/10/2022
Saint-Sauveur (38160),Alerte renforcée,zone : Chambaran (eaux superficielles)<br>arrêté valable du 16/09/2022 au 31/10/2022
Saint-Sauveur (38160),Alerte renforcée,zone : Nappes du Bas Dauphiné Chambaran et des terrasses de l'Isère (eaux souterraines)<br>arrêté valable du 16/09/2022 au 31/10/2022
Saint-Savin (38300),Alerte renforcée,zone : Bourbre (eaux superficielles)<br>arrêté valable du 16/09/2022 au 31/10/2022
Saint-Siméon-de-Bressieux (38870),Crise,zone : Bièvre-Liers-Valloire (eaux superficielles)<br>arrêté valable du 17/08/2022 au 30/09/2022
Saint-Siméon-de-Bressieux (38870),Alerte,zone : Nappes de Bièvre-Liers-Valloire (eaux souterraines)<br>arrêté valable du 17/08/2022 au 30/09/2022
Saint-Sorlin-de-Morestel (38510),Alerte renforcée,zone : Isle Crémieu (eaux superficielles)<br>arrêté valable du 16/09/2022 au 31/10/2022
Saint-Sorlin-de-Vienne (38200),Alerte renforcée,"zone : Sanne, Varèze et 4 Vallées (eaux superficielles)<br>arrêté valable du 16/09/2022 au 31/10/2022"
Saint-Sorlin-de-Vienne (38200),Alerte,"zone : Nappes des 4Vallées, de la Sanneet de la Varèze (eaux souterraines)<br>arrêté valable du 16/09/2022 au 31/10/2022"
Saint-Sulpice-des-Rivoires (38620),Alerte renforcée,zone : Chartreuse et Guiers (eaux superficielles)<br>arrêté valable du 16/09/2022 au 31/10/2022
Saint-Théoffrey (38119),Alerte renforcée,zone : Trièves et Matheysine (eaux superficielles)<br>arrêté valable du 16/09/2022 au 31/10/2022
Saint-Victor-de-Cessieu (38110),Alerte renforcée,zone : Bourbre (eaux superficielles)<br>arrêté valable du 16/09/2022 au 31/10/2022
Saint-Victor-de-Morestel (38510),Alerte renforcée,zone : Isle Crémieu (eaux superficielles)<br>arrêté valable du 16/09/2022 au 31/10/2022
Saint-Vincent-de-Mercuze (38660),Alerte renforcée,zone : Chartreuse et Guiers (eaux superficielles)<br>arrêté valable du 16/09/2022 au 31/10/2022
Saint-Vérand (38160),Alerte renforcée,zone : Chambaran (eaux superficielles)<br>arrêté valable du 16/09/2022 au 31/10/2022
Saint-Vérand (38160),Alerte renforcée,zone : Nappes du Bas Dauphiné Chambaran et des terrasses de l'Isère (eaux souterraines)<br>arrêté valable du 16/09/2022 au 31/10/2022
Saint-Égrève (38120),Alerte renforcée,zone : Chartreuse et Guiers (eaux superficielles)<br>arrêté valable du 16/09/2022 au 31/10/2022
Saint-Étienne-de-Crossey (38960),Alerte renforcée,zone : Paladru et Fure (eaux superficielles)<br>arrêté valable du 16/09/2022 au 31/10/2022
Saint-Étienne-de-Saint-Geoirs (38590),Crise,zone : Bièvre-Liers-Valloire (eaux superficielles)<br>arrêté valable du 17/08/2022 au 30/09/2022
Saint-Étienne-de-Saint-Geoirs (38590),Alerte,zone : Nappes de Bièvre-Liers-Valloire (eaux souterraines)<br>arrêté valable du 17/08/2022 au 30/09/2022
Sainte-Agnès (38190),Alerte renforcée,zone : Belledonne (eaux superficielles)<br>arrêté valable du 16/09/2022 au 31/10/2022
Sainte-Anne-sur-Gervonde (38440),Alerte renforcée,"zone : Sanne, Varèze et 4 Vallées (eaux superficielles)<br>arrêté valable du 16/09/2022 au 31/10/2022"
Sainte-Anne-sur-Gervonde (38440),Alerte,"zone : Nappes des 4Vallées, de la Sanneet de la Varèze (eaux souterraines)<br>arrêté valable du 16/09/2022 au 31/10/2022"
Sainte-Blandine (38110),Alerte renforcée,zone : Bourbre (eaux superficielles)<br>arrêté valable du 16/09/2022 au 31/10/2022
Sainte-Luce (38970),Alerte renforcée,zone : Trièves et Matheysine (eaux superficielles)<br>arrêté valable du 16/09/2022 au 31/10/2022
Sainte-Marie-d'Alloix (38660),Alerte renforcée,zone : Chartreuse et Guiers (eaux superficielles)<br>arrêté valable du 16/09/2022 au 31/10/2022
Sainte-Marie-du-Mont (38660),Alerte renforcée,zone : Chartreuse et Guiers (eaux superficielles)<br>arrêté valable du 16/09/2022 au 31/10/2022
Salagnon (38890),Alerte renforcée,zone : Bourbre (eaux superficielles)<br>arrêté valable du 16/09/2022 au 31/10/2022
Salaise-sur-Sanne (38150),Alerte renforcée,"zone : Sanne, Varèze et 4 Vallées (eaux superficielles)<br>arrêté valable du 16/09/2022 au 31/10/2022"
Salaise-sur-Sanne (38150),Alerte,"zone : Nappes des 4Vallées, de la Sanneet de la Varèze (eaux souterraines)<br>arrêté valable du 16/09/2022 au 31/10/2022"
Sarcenas (38700),Alerte renforcée,zone : Chartreuse et Guiers (eaux superficielles)<br>arrêté valable du 16/09/2022 au 31/10/2022
Sardieu (38260),Crise,zone : Bièvre-Liers-Valloire (eaux superficielles)<br>arrêté valable du 17/08/2022 au 30/09/2022
Sardieu (38260),Alerte,zone : Nappes de Bièvre-Liers-Valloire (eaux souterraines)<br>arrêté valable du 17/08/2022 au 30/09/2022
Sassenage (38360),Alerte renforcée,zone : Vercors (eaux superficielles)<br>arrêté valable du 16/09/2022 au 31/10/2022
Satolas-et-Bonce (38290),Alerte renforcée,zone : Bourbre (eaux superficielles)<br>arrêté valable du 16/09/2022 au 31/10/2022
Savas-Mépin (38440),Alerte renforcée,"zone : Sanne, Varèze et 4 Vallées (eaux superficielles)<br>arrêté valable du 16/09/2022 au 31/10/2022"
Savas-Mépin (38440),Alerte,"zone : Nappes des 4Vallées, de la Sanneet de la Varèze (eaux souterraines)<br>arrêté valable du 16/09/2022 au 31/10/2022"
Septème (38780),Alerte renforcée,"zone : Sanne, Varèze et 4 Vallées (eaux superficielles)<br>arrêté valable du 16/09/2022 au 31/10/2022"
Septème (38780),Alerte,"zone : Nappes des 4Vallées, de la Sanneet de la Varèze (eaux souterraines)<br>arrêté valable du 16/09/2022 au 31/10/2022"
Sermérieu (38510),Alerte renforcée,zone : Bourbre (eaux superficielles)<br>arrêté valable du 16/09/2022 au 31/10/2022
Serpaize (38200),Alerte renforcée,"zone : Sanne, Varèze et 4 Vallées (eaux superficielles)<br>arrêté valable du 16/09/2022 au 31/10/2022"
Serpaize (38200),Alerte,"zone : Nappes des 4Vallées, de la Sanneet de la Varèze (eaux souterraines)<br>arrêté valable du 16/09/2022 au 31/10/2022"
Serre-Nerpol (38470),Alerte renforcée,zone : Chambaran (eaux superficielles)<br>arrêté valable du 16/09/2022 au 31/10/2022
Serre-Nerpol (38470),Alerte renforcée,zone : Nappes du Bas Dauphiné Chambaran et des terrasses de l'Isère (eaux souterraines)<br>arrêté valable du 16/09/2022 au 31/10/2022
Seyssinet-Pariset (38170),Alerte renforcée,zone : Vercors (eaux superficielles)<br>arrêté valable du 16/09/2022 au 31/10/2022
Seyssins (38180),Alerte renforcée,zone : Vercors (eaux superficielles)<br>arrêté valable du 16/09/2022 au 31/10/2022
Seyssuel (38200),Alerte renforcée,"zone : Sanne, Varèze et 4 Vallées (eaux superficielles)<br>arrêté valable du 16/09/2022 au 31/10/2022"
Siccieu-Saint-Julien-et-Carisieu (38460),Alerte renforcée,zone : Isle Crémieu (eaux superficielles)<br>arrêté valable du 16/09/2022 au 31/10/2022
Sillans (38590),Crise,zone : Bièvre-Liers-Valloire (eaux superficielles)<br>arrêté valable du 17/08/2022 au 30/09/2022
Sillans (38590),Alerte,zone : Nappes de Bièvre-Liers-Valloire (eaux souterraines)<br>arrêté valable du 17/08/2022 au 30/09/2022
Sinard (38650),Alerte renforcée,zone : Trièves et Matheysine (eaux superficielles)<br>arrêté valable du 16/09/2022 au 31/10/2022
Sinard (38650),Alerte renforcée,zone : Vercors (eaux superficielles)<br>arrêté valable du 16/09/2022 au 31/10/2022
Siévoz (38350),Alerte renforcée,zone : Oisans et Bonne (eaux superficielles)<br>arrêté valable du 16/09/2022 au 31/10/2022
Soleymieu (38460),Alerte renforcée,zone : Isle Crémieu (eaux superficielles)<br>arrêté valable du 16/09/2022 au 31/10/2022
Sonnay (38150),Crise,zone : Bièvre-Liers-Valloire (eaux superficielles)<br>arrêté valable du 17/08/2022 au 30/09/2022
Sonnay (38150),Alerte,zone : Nappes de Bièvre-Liers-Valloire (eaux souterraines)<br>arrêté valable du 17/08/2022 au 30/09/2022
Sousville (38350),Alerte renforcée,zone : Oisans et Bonne (eaux superficielles)<br>arrêté valable du 16/09/2022 au 31/10/2022
Succieu (38300),Alerte renforcée,zone : Bourbre (eaux superficielles)<br>arrêté valable du 16/09/2022 au 31/10/2022
Susville (38350),Alerte renforcée,zone : Trièves et Matheysine (eaux superficielles)<br>arrêté valable du 16/09/2022 au 31/10/2022
Séchilienne (38220),Alerte renforcée,zone : Belledonne (eaux superficielles)<br>arrêté valable du 16/09/2022 au 31/10/2022
Sérézin-de-la-Tour (38300),Alerte renforcée,zone : Bourbre (eaux superficielles)<br>arrêté valable du 16/09/2022 au 31/10/2022
Tencin (38570),Alerte renforcée,zone : Belledonne (eaux superficielles)<br>arrêté valable du 16/09/2022 au 31/10/2022
Tencin (38570),Alerte renforcée,zone : Chartreuse et Guiers (eaux superficielles)<br>arrêté valable du 16/09/2022 au 31/10/2022
Theys (38570),Alerte renforcée,zone : Belledonne (eaux superficielles)<br>arrêté valable du 16/09/2022 au 31/10/2022
Thodure (38260),Crise,zone : Bièvre-Liers-Valloire (eaux superficielles)<br>arrêté valable du 17/08/2022 au 30/09/2022
Thodure (38260),Alerte,zone : Nappes de Bièvre-Liers-Valloire (eaux souterraines)<br>arrêté valable du 17/08/2022 au 30/09/2022
Tignieu-Jameyzieu (38230),Alerte renforcée,zone : Bourbre (eaux superficielles)<br>arrêté valable du 16/09/2022 au 31/10/2022
Torchefelon (38690),Alerte renforcée,zone : Bourbre (eaux superficielles)<br>arrêté valable du 16/09/2022 au 31/10/2022
Tramolé (38300),Alerte renforcée,zone : Bourbre (eaux superficielles)<br>arrêté valable du 16/09/2022 au 31/10/2022
Treffort (38650),Alerte renforcée,zone : Trièves et Matheysine (eaux superficielles)<br>arrêté valable du 16/09/2022 au 31/10/2022
Trept (38460),Alerte renforcée,zone : Bourbre (eaux superficielles)<br>arrêté valable du 16/09/2022 au 31/10/2022
Tréminis (38710),Alerte renforcée,zone : Trièves et Matheysine (eaux superficielles)<br>arrêté valable du 16/09/2022 au 31/10/2022
Tullins (38210),Alerte renforcée,zone : Paladru et Fure (eaux superficielles)<br>arrêté valable du 16/09/2022 au 31/10/2022
Têche (38470),Alerte renforcée,zone : Chambaran (eaux superficielles)<br>arrêté valable du 16/09/2022 au 31/10/2022
Têche (38470),Alerte renforcée,zone : Nappes du Bas Dauphiné Chambaran et des terrasses de l'Isère (eaux souterraines)<br>arrêté valable du 16/09/2022 au 31/10/2022
Val-de-Virieu (38730),Alerte renforcée,zone : Bourbre (eaux superficielles)<br>arrêté valable du 16/09/2022 au 31/10/2022
Valbonnais (38740),Alerte renforcée,zone : Oisans et Bonne (eaux superficielles)<br>arrêté valable du 16/09/2022 au 31/10/2022
Valencin (38540),Alerte renforcée,"zone : Sanne, Varèze et 4 Vallées (eaux superficielles)<br>arrêté valable du 16/09/2022 au 31/10/2022"
Valencin (38540),Alerte,"zone : Nappes des 4Vallées, de la Sanneet de la Varèze (eaux souterraines)<br>arrêté valable du 16/09/2022 au 31/10/2022"
Valencogne (38730),Alerte renforcée,zone : Paladru et Fure (eaux superficielles)<br>arrêté valable du 16/09/2022 au 31/10/2022
Valjouffrey (38740),Alerte renforcée,zone : Oisans et Bonne (eaux superficielles)<br>arrêté valable du 16/09/2022 au 31/10/2022
Varacieux (38470),Alerte renforcée,zone : Chambaran (eaux superficielles)<br>arrêté valable du 16/09/2022 au 31/10/2022
Varacieux (38470),Alerte renforcée,zone : Nappes du Bas Dauphiné Chambaran et des terrasses de l'Isère (eaux souterraines)<br>arrêté valable du 16/09/2022 au 31/10/2022
Varces-Allières-et-Risset (38760),Alerte renforcée,zone : Vercors (eaux superficielles)<br>arrêté valable du 16/09/2022 au 31/10/2022
Vasselin (38890),Alerte renforcée,zone : Isle Crémieu (eaux superficielles)<br>arrêté valable du 16/09/2022 au 31/10/2022
Vatilieu (38470),Alerte renforcée,zone : Chambaran (eaux superficielles)<br>arrêté valable du 16/09/2022 au 31/10/2022
Vatilieu (38470),Alerte renforcée,zone : Nappes du Bas Dauphiné Chambaran et des terrasses de l'Isère (eaux souterraines)<br>arrêté valable du 16/09/2022 au 31/10/2022
Vaujany (38114),Alerte renforcée,zone : Oisans et Bonne (eaux superficielles)<br>arrêté valable du 16/09/2022 au 31/10/2022
Vaulnaveys-le-Bas (38410),Alerte renforcée,zone : Belledonne (eaux superficielles)<br>arrêté valable du 16/09/2022 au 31/10/2022
Vaulnaveys-le-Haut (38410),Alerte renforcée,zone : Belledonne (eaux superficielles)<br>arrêté valable du 16/09/2022 au 31/10/2022
Vaulx-Milieu (38090),Alerte renforcée,zone : Bourbre (eaux superficielles)<br>arrêté valable du 16/09/2022 au 31/10/2022
Velanne (38620),Alerte renforcée,zone : Chartreuse et Guiers (eaux superficielles)<br>arrêté valable du 16/09/2022 au 31/10/2022
Venon (38610),Alerte renforcée,zone : Belledonne (eaux superficielles)<br>arrêté valable du 16/09/2022 au 31/10/2022
Vernas (38460),Alerte renforcée,zone : Isle Crémieu (eaux superficielles)<br>arrêté valable du 16/09/2022 au 31/10/2022
Vernioz (38150),Alerte renforcée,"zone : Sanne, Varèze et 4 Vallées (eaux superficielles)<br>arrêté valable du 16/09/2022 au 31/10/2022"
Vernioz (38150),Alerte,"zone : Nappes des 4Vallées, de la Sanneet de la Varèze (eaux souterraines)<br>arrêté valable du 16/09/2022 au 31/10/2022"
Vertrieu (38390),Alerte renforcée,zone : Isle Crémieu (eaux superficielles)<br>arrêté valable du 16/09/2022 au 31/10/2022
Veurey-Voroize (38113),Alerte renforcée,zone : Vercors (eaux superficielles)<br>arrêté valable du 16/09/2022 au 31/10/2022
Veyssilieu (38460),Alerte renforcée,zone : Bourbre (eaux superficielles)<br>arrêté valable du 16/09/2022 au 31/10/2022
Vienne (38200),Alerte renforcée,"zone : Sanne, Varèze et 4 Vallées (eaux superficielles)<br>arrêté valable du 16/09/2022 au 31/10/2022"
Vienne (38200),Alerte,"zone : Nappes des 4Vallées, de la Sanneet de la Varèze (eaux souterraines)<br>arrêté valable du 16/09/2022 au 31/10/2022"
Vif (38450),Alerte renforcée,zone : Trièves et Matheysine (eaux superficielles)<br>arrêté valable du 16/09/2022 au 31/10/2022
Vif (38450),Alerte renforcée,zone : Vercors (eaux superficielles)<br>arrêté valable du 16/09/2022 au 31/10/2022
Vignieu (38890),Alerte renforcée,zone : Bourbre (eaux superficielles)<br>arrêté valable du 16/09/2022 au 31/10/2022
"Villages du Lac de Paladru (38730, 38850)",Alerte renforcée,zone : Paladru et Fure (eaux superficielles)<br>arrêté valable du 16/09/2022 au 31/10/2022
Villard-Bonnot (38190),Alerte renforcée,zone : Belledonne (eaux superficielles)<br>arrêté valable du 16/09/2022 au 31/10/2022
Villard-Notre-Dame (38520),Alerte renforcée,zone : Oisans et Bonne (eaux superficielles)<br>arrêté valable du 16/09/2022 au 31/10/2022
Villard-Reculas (38114),Alerte renforcée,zone : Oisans et Bonne (eaux superficielles)<br>arrêté valable du 16/09/2022 au 31/10/2022
Villard-Reymond (38520),Alerte renforcée,zone : Oisans et Bonne (eaux superficielles)<br>arrêté valable du 16/09/2022 au 31/10/2022
Villard-Saint-Christophe (38119),Alerte renforcée,zone : Trièves et Matheysine (eaux superficielles)<br>arrêté valable du 16/09/2022 au 31/10/2022
Villard-de-Lans (38250),Alerte renforcée,zone : Vercors (eaux superficielles)<br>arrêté valable du 16/09/2022 au 31/10/2022
Ville-sous-Anjou (38150),Alerte renforcée,"zone : Sanne, Varèze et 4 Vallées (eaux superficielles)<br>arrêté valable du 16/09/2022 au 31/10/2022"
Ville-sous-Anjou (38150),Alerte,"zone : Nappes des 4Vallées, de la Sanneet de la Varèze (eaux souterraines)<br>arrêté valable du 16/09/2022 au 31/10/2022"
Villefontaine (38090),Alerte renforcée,zone : Bourbre (eaux superficielles)<br>arrêté valable du 16/09/2022 au 31/10/2022
Villemoirieu (38460),Alerte renforcée,zone : Bourbre (eaux superficielles)<br>arrêté valable du 16/09/2022 au 31/10/2022
Villemoirieu (38460),Alerte renforcée,zone : Isle Crémieu (eaux superficielles)<br>arrêté valable du 16/09/2022 au 31/10/2022
Villeneuve-de-Marc (38440),Alerte renforcée,"zone : Sanne, Varèze et 4 Vallées (eaux superficielles)<br>arrêté valable du 16/09/2022 au 31/10/2022"
Villeneuve-de-Marc (38440),Alerte,"zone : Nappes des 4Vallées, de la Sanneet de la Varèze (eaux souterraines)<br>arrêté valable du 16/09/2022 au 31/10/2022"
Villette-d'Anthon (38280),Alerte renforcée,zone : Est Lyonnais (eaux superficielles)<br>arrêté valable du 05/08/2022 au 31/10/2022
Villette-d'Anthon (38280),Vigilance,zone : Nappes de l'Est Lyonnais (eaux souterraines)<br>arrêté valable du 05/08/2022 au 31/10/2022
Villette-de-Vienne (38200),Alerte renforcée,"zone : Sanne, Varèze et 4 Vallées (eaux superficielles)<br>arrêté valable du 16/09/2022 au 31/10/2022"
Villette-de-Vienne (38200),Alerte,"zone : Nappes des 4Vallées, de la Sanneet de la Varèze (eaux souterraines)<br>arrêté valable du 16/09/2022 au 31/10/2022"
Vinay (38470),Alerte renforcée,zone : Chambaran (eaux superficielles)<br>arrêté valable du 16/09/2022 au 31/10/2022
Vinay (38470),Alerte renforcée,zone : Nappes du Bas Dauphiné Chambaran et des terrasses de l'Isère (eaux souterraines)<br>arrêté valable du 16/09/2022 au 31/10/2022
Viriville (38980),Crise,zone : Bièvre-Liers-Valloire (eaux superficielles)<br>arrêté valable du 17/08/2022 au 30/09/2022
Viriville (38980),Alerte,zone : Nappes de Bièvre-Liers-Valloire (eaux souterraines)<br>arrêté valable du 17/08/2022 au 30/09/2022
Vizille (38220),Alerte renforcée,zone : Belledonne (eaux superficielles)<br>arrêté valable du 16/09/2022 au 31/10/2022
Voiron (38500),Alerte renforcée,zone : Paladru et Fure (eaux superficielles)<br>arrêté valable du 16/09/2022 au 31/10/2022
Voissant (38620),Alerte renforcée,zone : Chartreuse et Guiers (eaux superficielles)<br>arrêté valable du 16/09/2022 au 31/10/2022
Voreppe (38340),Alerte renforcée,zone : Chartreuse et Guiers (eaux superficielles)<br>arrêté valable du 16/09/2022 au 31/10/2022
Vourey (38210),Alerte renforcée,zone : Paladru et Fure (eaux superficielles)<br>arrêté valable du 16/09/2022 au 31/10/2022
Vénérieu (38460),Alerte renforcée,zone : Bourbre (eaux superficielles)<br>arrêté valable du 16/09/2022 au 31/10/2022
Vézeronce-Curtin (38510),Alerte renforcée,zone : Isle Crémieu (eaux superficielles)<br>arrêté valable du 16/09/2022 au 31/10/2022
Échirolles (38130),Alerte renforcée,zone : Belledonne (eaux superficielles)<br>arrêté valable du 16/09/2022 au 31/10/2022
Aboën (42380),Alerte renforcée,zone : Affluents rive gauche de la Loire jusqu'au barrage de Villerest (eaux superficielles)<br>arrêté valable du 13/09/2022 au 31/10/2022
Ailleux (42130),Alerte renforcée,zone : Affluents rive gauche de la Loire jusqu'au barrage de Villerest (eaux superficielles)<br>arrêté valable du 13/09/2022 au 31/10/2022
Ambierle (42820),Alerte,"zone : Affluents rive gauche de la Loire à l'aval du barrage de Villerest; Besbre, Malgoutte, Arcon, Urbise (eaux superficielles)<br>arrêté valable du 13/09/2022 au 31/10/2022"
Andrézieux-Bouthéon (42160),Alerte renforcée,zone : Affluents rive droite de la Loire de la confluence avec le Furan jusqu'au barrage de Villerest (eaux superficielles)<br>arrêté valable du 13/09/2022 au 31/10/2022
Andrézieux-Bouthéon (42160),Alerte renforcée,zone : Fleuve Loire et sa nappe d'accompagnement à l'amont de la queue de retenue de Villerest (eaux superficielles)<br>arrêté valable du 13/09/2022 au 31/10/2022
Apinac (42550),Alerte renforcée,"zone : Affluents de la Loire à l'amont de la confluence Furan : Dunière, l'Andrable, Semène, Ondaine, Furan (eaux superficielles)<br>arrêté valable du 13/09/2022 au 31/10/2022"
Arcinges (42460),Alerte renforcée,zone : Affluents rive droite de la Loire à l'aval du barrage de Villerest (eaux superficielles)<br>arrêté valable du 13/09/2022 au 31/10/2022
Arcon (42370),Alerte,"zone : Affluents rive gauche de la Loire à l'aval du barrage de Villerest; Besbre, Malgoutte, Arcon, Urbise (eaux superficielles)<br>arrêté valable du 13/09/2022 au 31/10/2022"
Arthun (42130),Alerte renforcée,zone : Affluents rive gauche de la Loire jusqu'au barrage de Villerest (eaux superficielles)<br>arrêté valable du 13/09/2022 au 31/10/2022
Aveizieux (42330),Alerte renforcée,zone : Affluents rive droite de la Loire de la confluence avec le Furan jusqu'au barrage de Villerest (eaux superficielles)<br>arrêté valable du 13/09/2022 au 31/10/2022
Balbigny (42510),Alerte renforcée,zone : Affluents rive droite de la Loire de la confluence avec le Furan jusqu'au barrage de Villerest (eaux superficielles)<br>arrêté valable du 13/09/2022 au 31/10/2022
Balbigny (42510),Alerte renforcée,zone : Fleuve Loire et sa nappe d'accompagnement à l'amont de la queue de retenue de Villerest (eaux superficielles)<br>arrêté valable du 13/09/2022 au 31/10/2022
Bard (42600),Alerte renforcée,zone : Affluents rive gauche de la Loire jusqu'au barrage de Villerest (eaux superficielles)<br>arrêté valable du 13/09/2022 au 31/10/2022
Bellegarde-en-Forez (42210),Alerte renforcée,zone : Affluents rive droite de la Loire de la confluence avec le Furan jusqu'au barrage de Villerest (eaux superficielles)<br>arrêté valable du 13/09/2022 au 31/10/2022
Belleroche (42670),Alerte renforcée,zone : Affluents rive droite de la Loire à l'aval du barrage de Villerest (eaux superficielles)<br>arrêté valable du 13/09/2022 au 31/10/2022
Belmont-de-la-Loire (42670),Alerte renforcée,zone : Affluents rive droite de la Loire à l'aval du barrage de Villerest (eaux superficielles)<br>arrêté valable du 13/09/2022 au 31/10/2022
Bessey (42520),Alerte renforcée,"zone : Affluents du Rhône hors Gier, bassins versants Limony Cance hors Rhône et sa nappe d'accompagnement (eaux superficielles)<br>arrêté valable du 13/09/2022 au 31/10/2022"
Boisset-Saint-Priest (42560),Alerte renforcée,zone : Affluents rive gauche de la Loire jusqu'au barrage de Villerest (eaux superficielles)<br>arrêté valable du 13/09/2022 au 31/10/2022
Boisset-lès-Montrond (42210),Alerte renforcée,zone : Affluents rive gauche de la Loire jusqu'au barrage de Villerest (eaux superficielles)<br>arrêté valable du 13/09/2022 au 31/10/2022
Boisset-lès-Montrond (42210),Alerte renforcée,zone : Fleuve Loire et sa nappe d'accompagnement à l'amont de la queue de retenue de Villerest (eaux superficielles)<br>arrêté valable du 13/09/2022 au 31/10/2022
Bonson (42160),Alerte renforcée,zone : Affluents rive gauche de la Loire jusqu'au barrage de Villerest (eaux superficielles)<br>arrêté valable du 13/09/2022 au 31/10/2022
Bonson (42160),Alerte renforcée,zone : Fleuve Loire et sa nappe d'accompagnement à l'amont de la queue de retenue de Villerest (eaux superficielles)<br>arrêté valable du 13/09/2022 au 31/10/2022
Bourg-Argental (42220),Alerte renforcée,"zone : Affluents du Rhône hors Gier, bassins versants Limony Cance hors Rhône et sa nappe d'accompagnement (eaux superficielles)<br>arrêté valable du 13/09/2022 au 31/10/2022"
Boyer (42460),Alerte renforcée,zone : Affluents rive droite de la Loire à l'aval du barrage de Villerest (eaux superficielles)<br>arrêté valable du 13/09/2022 au 31/10/2022
Boën-sur-Lignon (42130),Alerte renforcée,zone : Affluents rive gauche de la Loire jusqu'au barrage de Villerest (eaux superficielles)<br>arrêté valable du 13/09/2022 au 31/10/2022
Briennon (42720),Alerte,"zone : Affluents rive gauche de la Loire à l'aval du barrage de Villerest; Besbre, Malgoutte, Arcon, Urbise (eaux superficielles)<br>arrêté valable du 13/09/2022 au 31/10/2022"
Briennon (42720),Alerte renforcée,zone : Fleuve Loire et sa nappe d'accompagnement à l'aval de la queue de retenue de Villerest (eaux superficielles)<br>arrêté valable du 13/09/2022 au 31/10/2022
Bully (42260),Alerte renforcée,zone : Affluents rive gauche de la Loire jusqu'au barrage de Villerest (eaux superficielles)<br>arrêté valable du 13/09/2022 au 31/10/2022
Bully (42260),Alerte renforcée,zone : Fleuve Loire et sa nappe d'accompagnement à l'aval de la queue de retenue de Villerest (eaux superficielles)<br>arrêté valable du 13/09/2022 au 31/10/2022
Burdignes (42220),Alerte renforcée,"zone : Affluents du Rhône hors Gier, bassins versants Limony Cance hors Rhône et sa nappe d'accompagnement (eaux superficielles)<br>arrêté valable du 13/09/2022 au 31/10/2022"
Bussières (42510),Alerte renforcée,zone : Affluents rive droite de la Loire de la confluence avec le Furan jusqu'au barrage de Villerest (eaux superficielles)<br>arrêté valable du 13/09/2022 au 31/10/2022
Bussy-Albieux (42260),Alerte renforcée,zone : Affluents rive gauche de la Loire jusqu'au barrage de Villerest (eaux superficielles)<br>arrêté valable du 13/09/2022 au 31/10/2022
Caloire (42240),Alerte renforcée,zone : Affluents rive gauche de la Loire jusqu'au barrage de Villerest (eaux superficielles)<br>arrêté valable du 13/09/2022 au 31/10/2022
Caloire (42240),Alerte renforcée,zone : Fleuve Loire et sa nappe d'accompagnement à l'amont de la queue de retenue de Villerest (eaux superficielles)<br>arrêté valable du 13/09/2022 au 31/10/2022
Cellieu (42320),Alerte,zone : Bassin versant du Gier dans le département (eaux superficielles)<br>arrêté valable du 13/09/2022 au 31/10/2022
Cervières (42440),Alerte renforcée,zone : Affluents rive gauche de la Loire jusqu'au barrage de Villerest (eaux superficielles)<br>arrêté valable du 13/09/2022 au 31/10/2022
Cezay (42130),Alerte renforcée,zone : Affluents rive gauche de la Loire jusqu'au barrage de Villerest (eaux superficielles)<br>arrêté valable du 13/09/2022 au 31/10/2022
Chagnon (42800),Alerte,zone : Bassin versant du Gier dans le département (eaux superficielles)<br>arrêté valable du 13/09/2022 au 31/10/2022
Chalain-d'Uzore (42600),Alerte renforcée,zone : Affluents rive gauche de la Loire jusqu'au barrage de Villerest (eaux superficielles)<br>arrêté valable du 13/09/2022 au 31/10/2022
Chalain-le-Comtal (42600),Alerte renforcée,zone : Affluents rive gauche de la Loire jusqu'au barrage de Villerest (eaux superficielles)<br>arrêté valable du 13/09/2022 au 31/10/2022
Chalain-le-Comtal (42600),Alerte renforcée,zone : Fleuve Loire et sa nappe d'accompagnement à l'amont de la queue de retenue de Villerest (eaux superficielles)<br>arrêté valable du 13/09/2022 au 31/10/2022
Chalmazel-Jeansagnière (42920),Alerte renforcée,zone : Affluents rive gauche de la Loire jusqu'au barrage de Villerest (eaux superficielles)<br>arrêté valable du 13/09/2022 au 31/10/2022
Chambles (42170),Alerte renforcée,zone : Affluents rive gauche de la Loire jusqu'au barrage de Villerest (eaux superficielles)<br>arrêté valable du 13/09/2022 au 31/10/2022
Chambles (42170),Alerte renforcée,zone : Fleuve Loire et sa nappe d'accompagnement à l'amont de la queue de retenue de Villerest (eaux superficielles)<br>arrêté valable du 13/09/2022 au 31/10/2022
Chambéon (42110),Alerte renforcée,zone : Affluents rive gauche de la Loire jusqu'au barrage de Villerest (eaux superficielles)<br>arrêté valable du 13/09/2022 au 31/10/2022
Chambéon (42110),Alerte renforcée,zone : Fleuve Loire et sa nappe d'accompagnement à l'amont de la queue de retenue de Villerest (eaux superficielles)<br>arrêté valable du 13/09/2022 au 31/10/2022
Chambœuf (42330),Alerte renforcée,zone : Affluents rive droite de la Loire de la confluence avec le Furan jusqu'au barrage de Villerest (eaux superficielles)<br>arrêté valable du 13/09/2022 au 31/10/2022
Champdieu (42600),Alerte renforcée,zone : Affluents rive gauche de la Loire jusqu'au barrage de Villerest (eaux superficielles)<br>arrêté valable du 13/09/2022 au 31/10/2022
Champoly (42430),Alerte renforcée,zone : Affluents rive gauche de la Loire jusqu'au barrage de Villerest (eaux superficielles)<br>arrêté valable du 13/09/2022 au 31/10/2022
Chandon (42190),Alerte renforcée,zone : Affluents rive droite de la Loire à l'aval du barrage de Villerest (eaux superficielles)<br>arrêté valable du 13/09/2022 au 31/10/2022
Changy (42310),Alerte,"zone : Affluents rive gauche de la Loire à l'aval du barrage de Villerest; Besbre, Malgoutte, Arcon, Urbise (eaux superficielles)<br>arrêté valable du 13/09/2022 au 31/10/2022"
Charlieu (42190),Alerte renforcée,zone : Affluents rive droite de la Loire à l'aval du barrage de Villerest (eaux superficielles)<br>arrêté valable du 13/09/2022 au 31/10/2022
Chausseterre (42430),Alerte renforcée,zone : Affluents rive gauche de la Loire jusqu'au barrage de Villerest (eaux superficielles)<br>arrêté valable du 13/09/2022 au 31/10/2022
Chavanay (42410),Alerte renforcée,"zone : Affluents du Rhône hors Gier, bassins versants Limony Cance hors Rhône et sa nappe d'accompagnement (eaux superficielles)<br>arrêté valable du 13/09/2022 au 31/10/2022"
Chazelles-sur-Lavieu (42560),Alerte renforcée,zone : Affluents rive gauche de la Loire jusqu'au barrage de Villerest (eaux superficielles)<br>arrêté valable du 13/09/2022 au 31/10/2022
Chazelles-sur-Lyon (42140),Alerte renforcée,zone : Affluents rive droite de la Loire de la confluence avec le Furan jusqu'au barrage de Villerest (eaux superficielles)<br>arrêté valable du 13/09/2022 au 31/10/2022
Chenereilles (42560),Alerte renforcée,zone : Affluents rive gauche de la Loire jusqu'au barrage de Villerest (eaux superficielles)<br>arrêté valable du 13/09/2022 au 31/10/2022
Cherier (42430),Alerte renforcée,zone : Affluents rive gauche de la Loire jusqu'au barrage de Villerest (eaux superficielles)<br>arrêté valable du 13/09/2022 au 31/10/2022
Chevrières (42140),Alerte renforcée,zone : Affluents rive droite de la Loire de la confluence avec le Furan jusqu'au barrage de Villerest (eaux superficielles)<br>arrêté valable du 13/09/2022 au 31/10/2022
Chirassimont (42114),Alerte renforcée,zone : Affluents rive droite de la Loire à l'aval du barrage de Villerest (eaux superficielles)<br>arrêté valable du 13/09/2022 au 31/10/2022
Chuyer (42410),Alerte renforcée,"zone : Affluents du Rhône hors Gier, bassins versants Limony Cance hors Rhône et sa nappe d'accompagnement (eaux superficielles)<br>arrêté valable du 13/09/2022 au 31/10/2022"
Châteauneuf (42800),Alerte,zone : Bassin versant du Gier dans le département (eaux superficielles)<br>arrêté valable du 13/09/2022 au 31/10/2022
Châtelneuf (42940),Alerte renforcée,zone : Affluents rive gauche de la Loire jusqu'au barrage de Villerest (eaux superficielles)<br>arrêté valable du 13/09/2022 au 31/10/2022
Châtelus (42140),Alerte renforcée,zone : Affluents rive droite de la Loire de la confluence avec le Furan jusqu'au barrage de Villerest (eaux superficielles)<br>arrêté valable du 13/09/2022 au 31/10/2022
Civens (42110),Alerte renforcée,zone : Affluents rive droite de la Loire de la confluence avec le Furan jusqu'au barrage de Villerest (eaux superficielles)<br>arrêté valable du 13/09/2022 au 31/10/2022
Civens (42110),Alerte renforcée,zone : Fleuve Loire et sa nappe d'accompagnement à l'amont de la queue de retenue de Villerest (eaux superficielles)<br>arrêté valable du 13/09/2022 au 31/10/2022
Cleppé (42110),Alerte renforcée,zone : Affluents rive gauche de la Loire jusqu'au barrage de Villerest (eaux superficielles)<br>arrêté valable du 13/09/2022 au 31/10/2022
Cleppé (42110),Alerte renforcée,zone : Fleuve Loire et sa nappe d'accompagnement à l'amont de la queue de retenue de Villerest (eaux superficielles)<br>arrêté valable du 13/09/2022 au 31/10/2022
Colombier (42220),Alerte renforcée,"zone : Affluents du Rhône hors Gier, bassins versants Limony Cance hors Rhône et sa nappe d'accompagnement (eaux superficielles)<br>arrêté valable du 13/09/2022 au 31/10/2022"
Combre (42840),Alerte renforcée,zone : Affluents rive droite de la Loire à l'aval du barrage de Villerest (eaux superficielles)<br>arrêté valable du 13/09/2022 au 31/10/2022
Commelle-Vernay (42120),Alerte renforcée,zone : Affluents rive droite de la Loire à l'aval du barrage de Villerest (eaux superficielles)<br>arrêté valable du 13/09/2022 au 31/10/2022
Commelle-Vernay (42120),Alerte renforcée,zone : Fleuve Loire et sa nappe d'accompagnement à l'aval de la queue de retenue de Villerest (eaux superficielles)<br>arrêté valable du 13/09/2022 au 31/10/2022
Cordelle (42123),Alerte renforcée,zone : Affluents rive droite de la Loire de la confluence avec le Furan jusqu'au barrage de Villerest (eaux superficielles)<br>arrêté valable du 13/09/2022 au 31/10/2022
Cordelle (42123),Alerte renforcée,zone : Fleuve Loire et sa nappe d'accompagnement à l'aval de la queue de retenue de Villerest (eaux superficielles)<br>arrêté valable du 13/09/2022 au 31/10/2022
Cottance (42360),Alerte renforcée,zone : Affluents rive droite de la Loire de la confluence avec le Furan jusqu'au barrage de Villerest (eaux superficielles)<br>arrêté valable du 13/09/2022 au 31/10/2022
Coutouvre (42460),Alerte renforcée,zone : Affluents rive droite de la Loire à l'aval du barrage de Villerest (eaux superficielles)<br>arrêté valable du 13/09/2022 au 31/10/2022
Craintilleux (42210),Alerte renforcée,zone : Affluents rive gauche de la Loire jusqu'au barrage de Villerest (eaux superficielles)<br>arrêté valable du 13/09/2022 au 31/10/2022
Craintilleux (42210),Alerte renforcée,zone : Fleuve Loire et sa nappe d'accompagnement à l'amont de la queue de retenue de Villerest (eaux superficielles)<br>arrêté valable du 13/09/2022 au 31/10/2022
Cremeaux (42260),Alerte renforcée,zone : Affluents rive gauche de la Loire jusqu'au barrage de Villerest (eaux superficielles)<br>arrêté valable du 13/09/2022 au 31/10/2022
Croizet-sur-Gand (42540),Alerte renforcée,zone : Affluents rive droite de la Loire de la confluence avec le Furan jusqu'au barrage de Villerest (eaux superficielles)<br>arrêté valable du 13/09/2022 au 31/10/2022
Cuinzier (42460),Alerte renforcée,zone : Affluents rive droite de la Loire à l'aval du barrage de Villerest (eaux superficielles)<br>arrêté valable du 13/09/2022 au 31/10/2022
Cuzieu (42330),Alerte renforcée,zone : Affluents rive droite de la Loire de la confluence avec le Furan jusqu'au barrage de Villerest (eaux superficielles)<br>arrêté valable du 13/09/2022 au 31/10/2022
Cuzieu (42330),Alerte renforcée,zone : Fleuve Loire et sa nappe d'accompagnement à l'amont de la queue de retenue de Villerest (eaux superficielles)<br>arrêté valable du 13/09/2022 au 31/10/2022
Dargoire (42800),Alerte,zone : Bassin versant du Gier dans le département (eaux superficielles)<br>arrêté valable du 13/09/2022 au 31/10/2022
Doizieux (42740),Alerte,zone : Bassin versant du Gier dans le département (eaux superficielles)<br>arrêté valable du 13/09/2022 au 31/10/2022
Débats-Rivière-d'Orpra (42130),Alerte renforcée,zone : Affluents rive gauche de la Loire jusqu'au barrage de Villerest (eaux superficielles)<br>arrêté valable du 13/09/2022 au 31/10/2022
Essertines-en-Châtelneuf (42600),Alerte renforcée,zone : Affluents rive gauche de la Loire jusqu'au barrage de Villerest (eaux superficielles)<br>arrêté valable du 13/09/2022 au 31/10/2022
Essertines-en-Donzy (42360),Alerte renforcée,zone : Affluents rive droite de la Loire de la confluence avec le Furan jusqu'au barrage de Villerest (eaux superficielles)<br>arrêté valable du 13/09/2022 au 31/10/2022
Estivareilles (42380),Alerte renforcée,"zone : Affluents de la Loire à l'amont de la confluence Furan : Dunière, l'Andrable, Semène, Ondaine, Furan (eaux superficielles)<br>arrêté valable du 13/09/2022 au 31/10/2022"
Farnay (42320),Alerte,zone : Bassin versant du Gier dans le département (eaux superficielles)<br>arrêté valable du 13/09/2022 au 31/10/2022
Feurs (42110),Alerte renforcée,zone : Affluents rive droite de la Loire de la confluence avec le Furan jusqu'au barrage de Villerest (eaux superficielles)<br>arrêté valable du 13/09/2022 au 31/10/2022
Feurs (42110),Alerte renforcée,zone : Affluents rive gauche de la Loire jusqu'au barrage de Villerest (eaux superficielles)<br>arrêté valable du 13/09/2022 au 31/10/2022
Feurs (42110),Alerte renforcée,zone : Fleuve Loire et sa nappe d'accompagnement à l'amont de la queue de retenue de Villerest (eaux superficielles)<br>arrêté valable du 13/09/2022 au 31/10/2022
Firminy (42700),Alerte renforcée,"zone : Affluents de la Loire à l'amont de la confluence Furan : Dunière, l'Andrable, Semène, Ondaine, Furan (eaux superficielles)<br>arrêté valable du 13/09/2022 au 31/10/2022"
Fontanès (42140),Alerte renforcée,zone : Affluents rive droite de la Loire de la confluence avec le Furan jusqu'au barrage de Villerest (eaux superficielles)<br>arrêté valable du 13/09/2022 au 31/10/2022
Fourneaux (42470),Alerte renforcée,zone : Affluents rive droite de la Loire à l'aval du barrage de Villerest (eaux superficielles)<br>arrêté valable du 13/09/2022 au 31/10/2022
Fraisses (42490),Alerte renforcée,"zone : Affluents de la Loire à l'amont de la confluence Furan : Dunière, l'Andrable, Semène, Ondaine, Furan (eaux superficielles)<br>arrêté valable du 13/09/2022 au 31/10/2022"
Genilac (42800),Alerte,zone : Bassin versant du Gier dans le département (eaux superficielles)<br>arrêté valable du 13/09/2022 au 31/10/2022
Graix (42220),Alerte renforcée,"zone : Affluents du Rhône hors Gier, bassins versants Limony Cance hors Rhône et sa nappe d'accompagnement (eaux superficielles)<br>arrêté valable du 13/09/2022 au 31/10/2022"
Grammond (42140),Alerte renforcée,zone : Affluents rive droite de la Loire de la confluence avec le Furan jusqu'au barrage de Villerest (eaux superficielles)<br>arrêté valable du 13/09/2022 au 31/10/2022
Grézieux-le-Fromental (42600),Alerte renforcée,zone : Affluents rive gauche de la Loire jusqu'au barrage de Villerest (eaux superficielles)<br>arrêté valable du 13/09/2022 au 31/10/2022
Grézolles (42260),Alerte renforcée,zone : Affluents rive gauche de la Loire jusqu'au barrage de Villerest (eaux superficielles)<br>arrêté valable du 13/09/2022 au 31/10/2022
Gumières (42560),Alerte renforcée,zone : Affluents rive gauche de la Loire jusqu'au barrage de Villerest (eaux superficielles)<br>arrêté valable du 13/09/2022 au 31/10/2022
Jarnosse (42460),Alerte renforcée,zone : Affluents rive droite de la Loire à l'aval du barrage de Villerest (eaux superficielles)<br>arrêté valable du 13/09/2022 au 31/10/2022
Jas (42110),Alerte renforcée,zone : Affluents rive droite de la Loire de la confluence avec le Furan jusqu'au barrage de Villerest (eaux superficielles)<br>arrêté valable du 13/09/2022 au 31/10/2022
Jonzieux (42660),Alerte renforcée,"zone : Affluents de la Loire à l'amont de la confluence Furan : Dunière, l'Andrable, Semène, Ondaine, Furan (eaux superficielles)<br>arrêté valable du 13/09/2022 au 31/10/2022"
Juré (42430),Alerte renforcée,zone : Affluents rive gauche de la Loire jusqu'au barrage de Villerest (eaux superficielles)<br>arrêté valable du 13/09/2022 au 31/10/2022
L'Horme (42152),Alerte,zone : Bassin versant du Gier dans le département (eaux superficielles)<br>arrêté valable du 13/09/2022 au 31/10/2022
L'Hôpital-le-Grand (42210),Alerte renforcée,zone : Affluents rive gauche de la Loire jusqu'au barrage de Villerest (eaux superficielles)<br>arrêté valable du 13/09/2022 au 31/10/2022
L'Hôpital-sous-Rochefort (42130),Alerte renforcée,zone : Affluents rive gauche de la Loire jusqu'au barrage de Villerest (eaux superficielles)<br>arrêté valable du 13/09/2022 au 31/10/2022
L'Étrat (42580),Alerte renforcée,"zone : Affluents de la Loire à l'amont de la confluence Furan : Dunière, l'Andrable, Semène, Ondaine, Furan (eaux superficielles)<br>arrêté valable du 13/09/2022 au 31/10/2022"
La Bénisson-Dieu (42720),Alerte,"zone : Affluents rive gauche de la Loire à l'aval du barrage de Villerest; Besbre, Malgoutte, Arcon, Urbise (eaux superficielles)<br>arrêté valable du 13/09/2022 au 31/10/2022"
La Chamba (42440),Alerte renforcée,zone : Affluents rive gauche de la Loire jusqu'au barrage de Villerest (eaux superficielles)<br>arrêté valable du 13/09/2022 au 31/10/2022
La Chambonie (42440),Alerte renforcée,zone : Affluents rive gauche de la Loire jusqu'au barrage de Villerest (eaux superficielles)<br>arrêté valable du 13/09/2022 au 31/10/2022
La Chapelle-Villars (42410),Alerte renforcée,"zone : Affluents du Rhône hors Gier, bassins versants Limony Cance hors Rhône et sa nappe d'accompagnement (eaux superficielles)<br>arrêté valable du 13/09/2022 au 31/10/2022"
La Chapelle-en-Lafaye (42380),Alerte renforcée,"zone : Affluents de la Loire à l'amont de la confluence Furan : Dunière, l'Andrable, Semène, Ondaine, Furan (eaux superficielles)<br>arrêté valable du 13/09/2022 au 31/10/2022"
La Côte-en-Couzan (42111),Alerte renforcée,zone : Affluents rive gauche de la Loire jusqu'au barrage de Villerest (eaux superficielles)<br>arrêté valable du 13/09/2022 au 31/10/2022
La Fouillouse (42480),Alerte renforcée,"zone : Affluents de la Loire à l'amont de la confluence Furan : Dunière, l'Andrable, Semène, Ondaine, Furan (eaux superficielles)<br>arrêté valable du 13/09/2022 au 31/10/2022"
La Gimond (42140),Alerte renforcée,zone : Affluents rive droite de la Loire de la confluence avec le Furan jusqu'au barrage de Villerest (eaux superficielles)<br>arrêté valable du 13/09/2022 au 31/10/2022
La Grand-Croix (42320),Alerte,zone : Bassin versant du Gier dans le département (eaux superficielles)<br>arrêté valable du 13/09/2022 au 31/10/2022
La Gresle (42460),Alerte renforcée,zone : Affluents rive droite de la Loire à l'aval du barrage de Villerest (eaux superficielles)<br>arrêté valable du 13/09/2022 au 31/10/2022
La Pacaudière (42310),Alerte,"zone : Affluents rive gauche de la Loire à l'aval du barrage de Villerest; Besbre, Malgoutte, Arcon, Urbise (eaux superficielles)<br>arrêté valable du 13/09/2022 au 31/10/2022"
La Ricamarie (42150),Alerte renforcée,"zone : Affluents de la Loire à l'amont de la confluence Furan : Dunière, l'Andrable, Semène, Ondaine, Furan (eaux superficielles)<br>arrêté valable du 13/09/2022 au 31/10/2022"
La Talaudière (42350),Alerte renforcée,"zone : Affluents de la Loire à l'amont de la confluence Furan : Dunière, l'Andrable, Semène, Ondaine, Furan (eaux superficielles)<br>arrêté valable du 13/09/2022 au 31/10/2022"
La Terrasse-sur-Dorlay (42740),Alerte,zone : Bassin versant du Gier dans le département (eaux superficielles)<br>arrêté valable du 13/09/2022 au 31/10/2022
La Tour-en-Jarez (42580),Alerte renforcée,"zone : Affluents de la Loire à l'amont de la confluence Furan : Dunière, l'Andrable, Semène, Ondaine, Furan (eaux superficielles)<br>arrêté valable du 13/09/2022 au 31/10/2022"
La Tourette (42380),Alerte renforcée,zone : Affluents rive gauche de la Loire jusqu'au barrage de Villerest (eaux superficielles)<br>arrêté valable du 13/09/2022 au 31/10/2022
La Tuilière (42830),Alerte renforcée,zone : Affluents rive gauche de la Loire jusqu'au barrage de Villerest (eaux superficielles)<br>arrêté valable du 13/09/2022 au 31/10/2022
La Valla-en-Gier (42131),Alerte,zone : Bassin versant du Gier dans le département (eaux superficielles)<br>arrêté valable du 13/09/2022 au 31/10/2022
La Valla-sur-Rochefort (42111),Alerte renforcée,zone : Affluents rive gauche de la Loire jusqu'au barrage de Villerest (eaux superficielles)<br>arrêté valable du 13/09/2022 au 31/10/2022
La Versanne (42220),Alerte renforcée,"zone : Affluents du Rhône hors Gier, bassins versants Limony Cance hors Rhône et sa nappe d'accompagnement (eaux superficielles)<br>arrêté valable du 13/09/2022 au 31/10/2022"
Lavieu (42560),Alerte renforcée,zone : Affluents rive gauche de la Loire jusqu'au barrage de Villerest (eaux superficielles)<br>arrêté valable du 13/09/2022 au 31/10/2022
Lay (42470),Alerte renforcée,zone : Affluents rive droite de la Loire à l'aval du barrage de Villerest (eaux superficielles)<br>arrêté valable du 13/09/2022 au 31/10/2022
Le Bessat (42660),Alerte renforcée,"zone : Affluents de la Loire à l'amont de la confluence Furan : Dunière, l'Andrable, Semène, Ondaine, Furan (eaux superficielles)<br>arrêté valable du 13/09/2022 au 31/10/2022"
Le Cergne (42460),Alerte renforcée,zone : Affluents rive droite de la Loire à l'aval du barrage de Villerest (eaux superficielles)<br>arrêté valable du 13/09/2022 au 31/10/2022
Le Chambon-Feugerolles (42500),Alerte renforcée,"zone : Affluents de la Loire à l'amont de la confluence Furan : Dunière, l'Andrable, Semène, Ondaine, Furan (eaux superficielles)<br>arrêté valable du 13/09/2022 au 31/10/2022"
Le Coteau (42120),Alerte renforcée,zone : Affluents rive droite de la Loire à l'aval du barrage de Villerest (eaux superficielles)<br>arrêté valable du 13/09/2022 au 31/10/2022
Le Coteau (42120),Alerte renforcée,zone : Fleuve Loire et sa nappe d'accompagnement à l'aval de la queue de retenue de Villerest (eaux superficielles)<br>arrêté valable du 13/09/2022 au 31/10/2022
Le Crozet (42310),Alerte,"zone : Affluents rive gauche de la Loire à l'aval du barrage de Villerest; Besbre, Malgoutte, Arcon, Urbise (eaux superficielles)<br>arrêté valable du 13/09/2022 au 31/10/2022"
Leigneux (42130),Alerte renforcée,zone : Affluents rive gauche de la Loire jusqu'au barrage de Villerest (eaux superficielles)<br>arrêté valable du 13/09/2022 au 31/10/2022
Lentigny (42155),Alerte,"zone : Affluents rive gauche de la Loire à l'aval du barrage de Villerest; Besbre, Malgoutte, Arcon, Urbise (eaux superficielles)<br>arrêté valable du 13/09/2022 au 31/10/2022"
Les Noës (42370),Alerte,"zone : Affluents rive gauche de la Loire à l'aval du barrage de Villerest; Besbre, Malgoutte, Arcon, Urbise (eaux superficielles)<br>arrêté valable du 13/09/2022 au 31/10/2022"
Les Salles (42440),Alerte renforcée,zone : Affluents rive gauche de la Loire jusqu'au barrage de Villerest (eaux superficielles)<br>arrêté valable du 13/09/2022 au 31/10/2022
Lorette (42420),Alerte,zone : Bassin versant du Gier dans le département (eaux superficielles)<br>arrêté valable du 13/09/2022 au 31/10/2022
Lupé (42520),Alerte renforcée,"zone : Affluents du Rhône hors Gier, bassins versants Limony Cance hors Rhône et sa nappe d'accompagnement (eaux superficielles)<br>arrêté valable du 13/09/2022 au 31/10/2022"
Luriecq (42380),Alerte renforcée,zone : Affluents rive gauche de la Loire jusqu'au barrage de Villerest (eaux superficielles)<br>arrêté valable du 13/09/2022 au 31/10/2022
Luré (42260),Alerte renforcée,zone : Affluents rive gauche de la Loire jusqu'au barrage de Villerest (eaux superficielles)<br>arrêté valable du 13/09/2022 au 31/10/2022
Lérigneux (42600),Alerte renforcée,zone : Affluents rive gauche de la Loire jusqu'au barrage de Villerest (eaux superficielles)<br>arrêté valable du 13/09/2022 au 31/10/2022
Lézigneux (42600),Alerte renforcée,zone : Affluents rive gauche de la Loire jusqu'au barrage de Villerest (eaux superficielles)<br>arrêté valable du 13/09/2022 au 31/10/2022
Mably (42300),Alerte,"zone : Affluents rive gauche de la Loire à l'aval du barrage de Villerest; Besbre, Malgoutte, Arcon, Urbise (eaux superficielles)<br>arrêté valable du 13/09/2022 au 31/10/2022"
Mably (42300),Alerte renforcée,zone : Fleuve Loire et sa nappe d'accompagnement à l'aval de la queue de retenue de Villerest (eaux superficielles)<br>arrêté valable du 13/09/2022 au 31/10/2022
Machézal (42114),Alerte renforcée,zone : Affluents rive droite de la Loire à l'aval du barrage de Villerest (eaux superficielles)<br>arrêté valable du 13/09/2022 au 31/10/2022
Maclas (42520),Alerte renforcée,"zone : Affluents du Rhône hors Gier, bassins versants Limony Cance hors Rhône et sa nappe d'accompagnement (eaux superficielles)<br>arrêté valable du 13/09/2022 au 31/10/2022"
Magneux-Haute-Rive (42600),Alerte renforcée,zone : Affluents rive gauche de la Loire jusqu'au barrage de Villerest (eaux superficielles)<br>arrêté valable du 13/09/2022 au 31/10/2022
Magneux-Haute-Rive (42600),Alerte renforcée,zone : Fleuve Loire et sa nappe d'accompagnement à l'amont de la queue de retenue de Villerest (eaux superficielles)<br>arrêté valable du 13/09/2022 au 31/10/2022
Maizilly (42750),Alerte renforcée,zone : Affluents rive droite de la Loire à l'aval du barrage de Villerest (eaux superficielles)<br>arrêté valable du 13/09/2022 au 31/10/2022
Malleval (42520),Alerte renforcée,"zone : Affluents du Rhône hors Gier, bassins versants Limony Cance hors Rhône et sa nappe d'accompagnement (eaux superficielles)<br>arrêté valable du 13/09/2022 au 31/10/2022"
Marcenod (42140),Alerte renforcée,zone : Affluents rive droite de la Loire de la confluence avec le Furan jusqu'au barrage de Villerest (eaux superficielles)<br>arrêté valable du 13/09/2022 au 31/10/2022
Marcilly-le-Châtel (42130),Alerte renforcée,zone : Affluents rive gauche de la Loire jusqu'au barrage de Villerest (eaux superficielles)<br>arrêté valable du 13/09/2022 au 31/10/2022
Marclopt (42210),Alerte renforcée,zone : Affluents rive droite de la Loire de la confluence avec le Furan jusqu'au barrage de Villerest (eaux superficielles)<br>arrêté valable du 13/09/2022 au 31/10/2022
Marclopt (42210),Alerte renforcée,zone : Fleuve Loire et sa nappe d'accompagnement à l'amont de la queue de retenue de Villerest (eaux superficielles)<br>arrêté valable du 13/09/2022 au 31/10/2022
Marcoux (42130),Alerte renforcée,zone : Affluents rive gauche de la Loire jusqu'au barrage de Villerest (eaux superficielles)<br>arrêté valable du 13/09/2022 au 31/10/2022
Margerie-Chantagret (42560),Alerte renforcée,zone : Affluents rive gauche de la Loire jusqu'au barrage de Villerest (eaux superficielles)<br>arrêté valable du 13/09/2022 au 31/10/2022
Maringes (42140),Alerte renforcée,zone : Affluents rive droite de la Loire de la confluence avec le Furan jusqu'au barrage de Villerest (eaux superficielles)<br>arrêté valable du 13/09/2022 au 31/10/2022
Marlhes (42660),Alerte renforcée,"zone : Affluents de la Loire à l'amont de la confluence Furan : Dunière, l'Andrable, Semène, Ondaine, Furan (eaux superficielles)<br>arrêté valable du 13/09/2022 au 31/10/2022"
Marols (42560),Alerte renforcée,zone : Affluents rive gauche de la Loire jusqu'au barrage de Villerest (eaux superficielles)<br>arrêté valable du 13/09/2022 au 31/10/2022
Mars (42750),Alerte renforcée,zone : Affluents rive droite de la Loire à l'aval du barrage de Villerest (eaux superficielles)<br>arrêté valable du 13/09/2022 au 31/10/2022
Merle-Leignec (42380),Alerte renforcée,"zone : Affluents de la Loire à l'amont de la confluence Furan : Dunière, l'Andrable, Semène, Ondaine, Furan (eaux superficielles)<br>arrêté valable du 13/09/2022 au 31/10/2022"
Mizérieux (42110),Alerte renforcée,zone : Affluents rive droite de la Loire de la confluence avec le Furan jusqu'au barrage de Villerest (eaux superficielles)<br>arrêté valable du 13/09/2022 au 31/10/2022
Mizérieux (42110),Alerte renforcée,zone : Affluents rive gauche de la Loire jusqu'au barrage de Villerest (eaux superficielles)<br>arrêté valable du 13/09/2022 au 31/10/2022
Mizérieux (42110),Alerte renforcée,zone : Fleuve Loire et sa nappe d'accompagnement à l'amont de la queue de retenue de Villerest (eaux superficielles)<br>arrêté valable du 13/09/2022 au 31/10/2022
Montagny (42840),Alerte renforcée,zone : Affluents rive droite de la Loire à l'aval du barrage de Villerest (eaux superficielles)<br>arrêté valable du 13/09/2022 au 31/10/2022
Montarcher (42380),Alerte renforcée,"zone : Affluents de la Loire à l'amont de la confluence Furan : Dunière, l'Andrable, Semène, Ondaine, Furan (eaux superficielles)<br>arrêté valable du 13/09/2022 au 31/10/2022"
Montbrison (42600),Alerte renforcée,zone : Affluents rive gauche de la Loire jusqu'au barrage de Villerest (eaux superficielles)<br>arrêté valable du 13/09/2022 au 31/10/2022
Montchal (42360),Alerte renforcée,zone : Affluents rive droite de la Loire de la confluence avec le Furan jusqu'au barrage de Villerest (eaux superficielles)<br>arrêté valable du 13/09/2022 au 31/10/2022
Montrond-les-Bains (42210),Alerte renforcée,zone : Affluents rive droite de la Loire de la confluence avec le Furan jusqu'au barrage de Villerest (eaux superficielles)<br>arrêté valable du 13/09/2022 au 31/10/2022
Montrond-les-Bains (42210),Alerte renforcée,zone : Fleuve Loire et sa nappe d'accompagnement à l'amont de la queue de retenue de Villerest (eaux superficielles)<br>arrêté valable du 13/09/2022 au 31/10/2022
Montverdun (42130),Alerte renforcée,zone : Affluents rive gauche de la Loire jusqu'au barrage de Villerest (eaux superficielles)<br>arrêté valable du 13/09/2022 au 31/10/2022
Mornand-en-Forez (42600),Alerte renforcée,zone : Affluents rive gauche de la Loire jusqu'au barrage de Villerest (eaux superficielles)<br>arrêté valable du 13/09/2022 au 31/10/2022
Nandax (42720),Alerte renforcée,zone : Affluents rive droite de la Loire à l'aval du barrage de Villerest (eaux superficielles)<br>arrêté valable du 13/09/2022 au 31/10/2022
Neaux (42470),Alerte renforcée,zone : Affluents rive droite de la Loire à l'aval du barrage de Villerest (eaux superficielles)<br>arrêté valable du 13/09/2022 au 31/10/2022
Nervieux (42510),Alerte renforcée,zone : Affluents rive gauche de la Loire jusqu'au barrage de Villerest (eaux superficielles)<br>arrêté valable du 13/09/2022 au 31/10/2022
Nervieux (42510),Alerte renforcée,zone : Fleuve Loire et sa nappe d'accompagnement à l'amont de la queue de retenue de Villerest (eaux superficielles)<br>arrêté valable du 13/09/2022 au 31/10/2022
Neulise (42590),Alerte renforcée,zone : Affluents rive droite de la Loire de la confluence avec le Furan jusqu'au barrage de Villerest (eaux superficielles)<br>arrêté valable du 13/09/2022 au 31/10/2022
Noailly (42640),Alerte,"zone : Affluents rive gauche de la Loire à l'aval du barrage de Villerest; Besbre, Malgoutte, Arcon, Urbise (eaux superficielles)<br>arrêté valable du 13/09/2022 au 31/10/2022"
Noirétable (42440),Alerte renforcée,zone : Affluents rive gauche de la Loire jusqu'au barrage de Villerest (eaux superficielles)<br>arrêté valable du 13/09/2022 au 31/10/2022
Nollieux (42260),Alerte renforcée,zone : Affluents rive gauche de la Loire jusqu'au barrage de Villerest (eaux superficielles)<br>arrêté valable du 13/09/2022 au 31/10/2022
Notre-Dame-de-Boisset (42120),Alerte renforcée,zone : Affluents rive droite de la Loire à l'aval du barrage de Villerest (eaux superficielles)<br>arrêté valable du 13/09/2022 au 31/10/2022
Néronde (42510),Alerte renforcée,zone : Affluents rive droite de la Loire de la confluence avec le Furan jusqu'au barrage de Villerest (eaux superficielles)<br>arrêté valable du 13/09/2022 au 31/10/2022
Ouches (42155),Alerte,"zone : Affluents rive gauche de la Loire à l'aval du barrage de Villerest; Besbre, Malgoutte, Arcon, Urbise (eaux superficielles)<br>arrêté valable du 13/09/2022 au 31/10/2022"
Palogneux (42990),Alerte renforcée,zone : Affluents rive gauche de la Loire jusqu'au barrage de Villerest (eaux superficielles)<br>arrêté valable du 13/09/2022 au 31/10/2022
Panissières (42360),Alerte renforcée,zone : Affluents rive droite de la Loire de la confluence avec le Furan jusqu'au barrage de Villerest (eaux superficielles)<br>arrêté valable du 13/09/2022 au 31/10/2022
Parigny (42120),Alerte renforcée,zone : Affluents rive droite de la Loire à l'aval du barrage de Villerest (eaux superficielles)<br>arrêté valable du 13/09/2022 au 31/10/2022
Pavezin (42410),Alerte,zone : Bassin versant du Gier dans le département (eaux superficielles)<br>arrêté valable du 13/09/2022 au 31/10/2022
Perreux (42120),Alerte renforcée,zone : Affluents rive droite de la Loire à l'aval du barrage de Villerest (eaux superficielles)<br>arrêté valable du 13/09/2022 au 31/10/2022
Perreux (42120),Alerte renforcée,zone : Fleuve Loire et sa nappe d'accompagnement à l'aval de la queue de retenue de Villerest (eaux superficielles)<br>arrêté valable du 13/09/2022 au 31/10/2022
Pinay (42590),Alerte renforcée,zone : Affluents rive droite de la Loire de la confluence avec le Furan jusqu'au barrage de Villerest (eaux superficielles)<br>arrêté valable du 13/09/2022 au 31/10/2022
Pinay (42590),Alerte renforcée,zone : Fleuve Loire et sa nappe d'accompagnement à l'aval de la queue de retenue de Villerest (eaux superficielles)<br>arrêté valable du 13/09/2022 au 31/10/2022
Planfoy (42660),Alerte renforcée,"zone : Affluents de la Loire à l'amont de la confluence Furan : Dunière, l'Andrable, Semène, Ondaine, Furan (eaux superficielles)<br>arrêté valable du 13/09/2022 au 31/10/2022"
Pommiers-en-Forez (42260),Alerte renforcée,zone : Affluents rive gauche de la Loire jusqu'au barrage de Villerest (eaux superficielles)<br>arrêté valable du 13/09/2022 au 31/10/2022
Poncins (42110),Alerte renforcée,zone : Affluents rive gauche de la Loire jusqu'au barrage de Villerest (eaux superficielles)<br>arrêté valable du 13/09/2022 au 31/10/2022
Pouilly-les-Nonains (42155),Alerte,"zone : Affluents rive gauche de la Loire à l'aval du barrage de Villerest; Besbre, Malgoutte, Arcon, Urbise (eaux superficielles)<br>arrêté valable du 13/09/2022 au 31/10/2022"
Pouilly-lès-Feurs (42110),Alerte renforcée,zone : Affluents rive droite de la Loire de la confluence avec le Furan jusqu'au barrage de Villerest (eaux superficielles)<br>arrêté valable du 13/09/2022 au 31/10/2022
Pouilly-sous-Charlieu (42720),Alerte renforcée,zone : Affluents rive droite de la Loire à l'aval du barrage de Villerest (eaux superficielles)<br>arrêté valable du 13/09/2022 au 31/10/2022
Pouilly-sous-Charlieu (42720),Alerte renforcée,zone : Fleuve Loire et sa nappe d'accompagnement à l'aval de la queue de retenue de Villerest (eaux superficielles)<br>arrêté valable du 13/09/2022 au 31/10/2022
Pradines (42630),Alerte renforcée,zone : Affluents rive droite de la Loire à l'aval du barrage de Villerest (eaux superficielles)<br>arrêté valable du 13/09/2022 au 31/10/2022
Pralong (42600),Alerte renforcée,zone : Affluents rive gauche de la Loire jusqu'au barrage de Villerest (eaux superficielles)<br>arrêté valable du 13/09/2022 au 31/10/2022
Précieux (42600),Alerte renforcée,zone : Affluents rive gauche de la Loire jusqu'au barrage de Villerest (eaux superficielles)<br>arrêté valable du 13/09/2022 au 31/10/2022
Pélussin (42410),Alerte renforcée,"zone : Affluents du Rhône hors Gier, bassins versants Limony Cance hors Rhône et sa nappe d'accompagnement (eaux superficielles)<br>arrêté valable du 13/09/2022 au 31/10/2022"
Périgneux (42380),Alerte renforcée,zone : Affluents rive gauche de la Loire jusqu'au barrage de Villerest (eaux superficielles)<br>arrêté valable du 13/09/2022 au 31/10/2022
Renaison (42370),Alerte,"zone : Affluents rive gauche de la Loire à l'aval du barrage de Villerest; Besbre, Malgoutte, Arcon, Urbise (eaux superficielles)<br>arrêté valable du 13/09/2022 au 31/10/2022"
Riorges (42153),Alerte,"zone : Affluents rive gauche de la Loire à l'aval du barrage de Villerest; Besbre, Malgoutte, Arcon, Urbise (eaux superficielles)<br>arrêté valable du 13/09/2022 au 31/10/2022"
Rivas (42340),Alerte renforcée,zone : Affluents rive droite de la Loire de la confluence avec le Furan jusqu'au barrage de Villerest (eaux superficielles)<br>arrêté valable du 13/09/2022 au 31/10/2022
Rivas (42340),Alerte renforcée,zone : Fleuve Loire et sa nappe d'accompagnement à l'amont de la queue de retenue de Villerest (eaux superficielles)<br>arrêté valable du 13/09/2022 au 31/10/2022
Rive-de-Gier (42800),Alerte,zone : Bassin versant du Gier dans le département (eaux superficielles)<br>arrêté valable du 13/09/2022 au 31/10/2022
Roanne (42300),Alerte,"zone : Affluents rive gauche de la Loire à l'aval du barrage de Villerest; Besbre, Malgoutte, Arcon, Urbise (eaux superficielles)<br>arrêté valable du 13/09/2022 au 31/10/2022"
Roanne (42300),Alerte renforcée,zone : Fleuve Loire et sa nappe d'accompagnement à l'aval de la queue de retenue de Villerest (eaux superficielles)<br>arrêté valable du 13/09/2022 au 31/10/2022
Roche (42600),Alerte renforcée,zone : Affluents rive gauche de la Loire jusqu'au barrage de Villerest (eaux superficielles)<br>arrêté valable du 13/09/2022 au 31/10/2022
Roche-la-Molière (42230),Alerte renforcée,"zone : Affluents de la Loire à l'amont de la confluence Furan : Dunière, l'Andrable, Semène, Ondaine, Furan (eaux superficielles)<br>arrêté valable du 13/09/2022 au 31/10/2022"
Roisey (42520),Alerte renforcée,"zone : Affluents du Rhône hors Gier, bassins versants Limony Cance hors Rhône et sa nappe d'accompagnement (eaux superficielles)<br>arrêté valable du 13/09/2022 au 31/10/2022"
Rozier-Côtes-d'Aurec (42380),Alerte renforcée,"zone : Affluents de la Loire à l'amont de la confluence Furan : Dunière, l'Andrable, Semène, Ondaine, Furan (eaux superficielles)<br>arrêté valable du 13/09/2022 au 31/10/2022"
Rozier-en-Donzy (42810),Alerte renforcée,zone : Affluents rive droite de la Loire de la confluence avec le Furan jusqu'au barrage de Villerest (eaux superficielles)<br>arrêté valable du 13/09/2022 au 31/10/2022
Régny (42630),Alerte renforcée,zone : Affluents rive droite de la Loire à l'aval du barrage de Villerest (eaux superficielles)<br>arrêté valable du 13/09/2022 au 31/10/2022
Sail-les-Bains (42310),Alerte,"zone : Affluents rive gauche de la Loire à l'aval du barrage de Villerest; Besbre, Malgoutte, Arcon, Urbise (eaux superficielles)<br>arrêté valable du 13/09/2022 au 31/10/2022"
Sail-sous-Couzan (42890),Alerte renforcée,zone : Affluents rive gauche de la Loire jusqu'au barrage de Villerest (eaux superficielles)<br>arrêté valable du 13/09/2022 au 31/10/2022
Saint-Alban-les-Eaux (42370),Alerte,"zone : Affluents rive gauche de la Loire à l'aval du barrage de Villerest; Besbre, Malgoutte, Arcon, Urbise (eaux superficielles)<br>arrêté valable du 13/09/2022 au 31/10/2022"
Saint-André-d'Apchon (42370),Alerte,"zone : Affluents rive gauche de la Loire à l'aval du barrage de Villerest; Besbre, Malgoutte, Arcon, Urbise (eaux superficielles)<br>arrêté valable du 13/09/2022 au 31/10/2022"
Saint-André-le-Puy (42210),Alerte renforcée,zone : Affluents rive droite de la Loire de la confluence avec le Furan jusqu'au barrage de Villerest (eaux superficielles)<br>arrêté valable du 13/09/2022 au 31/10/2022
Saint-Appolinard (42520),Alerte renforcée,"zone : Affluents du Rhône hors Gier, bassins versants Limony Cance hors Rhône et sa nappe d'accompagnement (eaux superficielles)<br>arrêté valable du 13/09/2022 au 31/10/2022"
Saint-Barthélemy-Lestra (42110),Alerte renforcée,zone : Affluents rive droite de la Loire de la confluence avec le Furan jusqu'au barrage de Villerest (eaux superficielles)<br>arrêté valable du 13/09/2022 au 31/10/2022
Saint-Bonnet-des-Quarts (42310),Alerte,"zone : Affluents rive gauche de la Loire à l'aval du barrage de Villerest; Besbre, Malgoutte, Arcon, Urbise (eaux superficielles)<br>arrêté valable du 13/09/2022 au 31/10/2022"
Saint-Bonnet-le-Château (42380),Alerte renforcée,zone : Affluents rive gauche de la Loire jusqu'au barrage de Villerest (eaux superficielles)<br>arrêté valable du 13/09/2022 au 31/10/2022
Saint-Bonnet-le-Courreau (42940),Alerte renforcée,zone : Affluents rive gauche de la Loire jusqu'au barrage de Villerest (eaux superficielles)<br>arrêté valable du 13/09/2022 au 31/10/2022
Saint-Bonnet-les-Oules (42330),Alerte renforcée,zone : Affluents rive droite de la Loire de la confluence avec le Furan jusqu'au barrage de Villerest (eaux superficielles)<br>arrêté valable du 13/09/2022 au 31/10/2022
Saint-Chamond (42400),Alerte,zone : Bassin versant du Gier dans le département (eaux superficielles)<br>arrêté valable du 13/09/2022 au 31/10/2022
Saint-Christo-en-Jarez (42320),Alerte renforcée,"zone : Affluents de la Loire à l'amont de la confluence Furan : Dunière, l'Andrable, Semène, Ondaine, Furan (eaux superficielles)<br>arrêté valable du 13/09/2022 au 31/10/2022"
Saint-Christo-en-Jarez (42320),Alerte renforcée,zone : Affluents rive droite de la Loire de la confluence avec le Furan jusqu'au barrage de Villerest (eaux superficielles)<br>arrêté valable du 13/09/2022 au 31/10/2022
Saint-Cyprien (42160),Alerte renforcée,zone : Affluents rive gauche de la Loire jusqu'au barrage de Villerest (eaux superficielles)<br>arrêté valable du 13/09/2022 au 31/10/2022
Saint-Cyprien (42160),Alerte renforcée,zone : Fleuve Loire et sa nappe d'accompagnement à l'amont de la queue de retenue de Villerest (eaux superficielles)<br>arrêté valable du 13/09/2022 au 31/10/2022
Saint-Cyr-de-Favières (42123),Alerte renforcée,zone : Affluents rive droite de la Loire à l'aval du barrage de Villerest (eaux superficielles)<br>arrêté valable du 13/09/2022 au 31/10/2022
Saint-Cyr-de-Valorges (42114),Alerte renforcée,zone : Affluents rive droite de la Loire à l'aval du barrage de Villerest (eaux superficielles)<br>arrêté valable du 13/09/2022 au 31/10/2022
Saint-Cyr-les-Vignes (42210),Alerte renforcée,zone : Affluents rive droite de la Loire de la confluence avec le Furan jusqu'au barrage de Villerest (eaux superficielles)<br>arrêté valable du 13/09/2022 au 31/10/2022
Saint-Denis-de-Cabanne (42750),Alerte renforcée,zone : Affluents rive droite de la Loire à l'aval du barrage de Villerest (eaux superficielles)<br>arrêté valable du 13/09/2022 au 31/10/2022
Saint-Denis-sur-Coise (42140),Alerte renforcée,zone : Affluents rive droite de la Loire de la confluence avec le Furan jusqu'au barrage de Villerest (eaux superficielles)<br>arrêté valable du 13/09/2022 au 31/10/2022
Saint-Didier-sur-Rochefort (42111),Alerte renforcée,zone : Affluents rive gauche de la Loire jusqu'au barrage de Villerest (eaux superficielles)<br>arrêté valable du 13/09/2022 au 31/10/2022
Saint-Forgeux-Lespinasse (42640),Alerte,"zone : Affluents rive gauche de la Loire à l'aval du barrage de Villerest; Besbre, Malgoutte, Arcon, Urbise (eaux superficielles)<br>arrêté valable du 13/09/2022 au 31/10/2022"
Saint-Galmier (42330),Alerte renforcée,zone : Affluents rive droite de la Loire de la confluence avec le Furan jusqu'au barrage de Villerest (eaux superficielles)<br>arrêté valable du 13/09/2022 au 31/10/2022
Saint-Genest-Lerpt (42530),Alerte renforcée,"zone : Affluents de la Loire à l'amont de la confluence Furan : Dunière, l'Andrable, Semène, Ondaine, Furan (eaux superficielles)<br>arrêté valable du 13/09/2022 au 31/10/2022"
Saint-Genest-Malifaux (42660),Alerte renforcée,"zone : Affluents de la Loire à l'amont de la confluence Furan : Dunière, l'Andrable, Semène, Ondaine, Furan (eaux superficielles)<br>arrêté valable du 13/09/2022 au 31/10/2022"
Saint-Georges-Haute-Ville (42610),Alerte renforcée,zone : Affluents rive gauche de la Loire jusqu'au barrage de Villerest (eaux superficielles)<br>arrêté valable du 13/09/2022 au 31/10/2022
Saint-Georges-de-Baroille (42510),Alerte renforcée,zone : Affluents rive gauche de la Loire jusqu'au barrage de Villerest (eaux superficielles)<br>arrêté valable du 13/09/2022 au 31/10/2022
Saint-Georges-de-Baroille (42510),Alerte renforcée,zone : Fleuve Loire et sa nappe d'accompagnement à l'aval de la queue de retenue de Villerest (eaux superficielles)<br>arrêté valable du 13/09/2022 au 31/10/2022
Saint-Georges-en-Couzan (42990),Alerte renforcée,zone : Affluents rive gauche de la Loire jusqu'au barrage de Villerest (eaux superficielles)<br>arrêté valable du 13/09/2022 au 31/10/2022
Saint-Germain-Laval (42260),Alerte renforcée,zone : Affluents rive gauche de la Loire jusqu'au barrage de Villerest (eaux superficielles)<br>arrêté valable du 13/09/2022 au 31/10/2022
Saint-Germain-Lespinasse (42640),Alerte,"zone : Affluents rive gauche de la Loire à l'aval du barrage de Villerest; Besbre, Malgoutte, Arcon, Urbise (eaux superficielles)<br>arrêté valable du 13/09/2022 au 31/10/2022"
Saint-Germain-la-Montagne (42670),Alerte renforcée,zone : Affluents rive droite de la Loire à l'aval du barrage de Villerest (eaux superficielles)<br>arrêté valable du 13/09/2022 au 31/10/2022
Saint-Haon-le-Châtel (42370),Alerte,"zone : Affluents rive gauche de la Loire à l'aval du barrage de Villerest; Besbre, Malgoutte, Arcon, Urbise (eaux superficielles)<br>arrêté valable du 13/09/2022 au 31/10/2022"
Saint-Haon-le-Vieux (42370),Alerte,"zone : Affluents rive gauche de la Loire à l'aval du barrage de Villerest; Besbre, Malgoutte, Arcon, Urbise (eaux superficielles)<br>arrêté valable du 13/09/2022 au 31/10/2022"
Saint-Hilaire-Cusson-la-Valmitte (42380),Alerte renforcée,"zone : Affluents de la Loire à l'amont de la confluence Furan : Dunière, l'Andrable, Semène, Ondaine, Furan (eaux superficielles)<br>arrêté valable du 13/09/2022 au 31/10/2022"
Saint-Hilaire-sous-Charlieu (42190),Alerte renforcée,zone : Affluents rive droite de la Loire à l'aval du barrage de Villerest (eaux superficielles)<br>arrêté valable du 13/09/2022 au 31/10/2022
Saint-Héand (42570),Alerte renforcée,"zone : Affluents de la Loire à l'amont de la confluence Furan : Dunière, l'Andrable, Semène, Ondaine, Furan (eaux superficielles)<br>arrêté valable du 13/09/2022 au 31/10/2022"
Saint-Jean-Bonnefonds (42650),Alerte renforcée,"zone : Affluents de la Loire à l'amont de la confluence Furan : Dunière, l'Andrable, Semène, Ondaine, Furan (eaux superficielles)<br>arrêté valable du 13/09/2022 au 31/10/2022"
Saint-Jean-Saint-Maurice-sur-Loire (42155),Alerte renforcée,zone : Affluents rive droite de la Loire de la confluence avec le Furan jusqu'au barrage de Villerest (eaux superficielles)<br>arrêté valable du 13/09/2022 au 31/10/2022
Saint-Jean-Saint-Maurice-sur-Loire (42155),Alerte renforcée,zone : Affluents rive gauche de la Loire jusqu'au barrage de Villerest (eaux superficielles)<br>arrêté valable du 13/09/2022 au 31/10/2022
Saint-Jean-Saint-Maurice-sur-Loire (42155),Alerte renforcée,zone : Fleuve Loire et sa nappe d'accompagnement à l'aval de la queue de retenue de Villerest (eaux superficielles)<br>arrêté valable du 13/09/2022 au 31/10/2022
Saint-Jean-Soleymieux (42560),Alerte renforcée,zone : Affluents rive gauche de la Loire jusqu'au barrage de Villerest (eaux superficielles)<br>arrêté valable du 13/09/2022 au 31/10/2022
Saint-Jean-la-Vêtre (42440),Alerte renforcée,zone : Affluents rive gauche de la Loire jusqu'au barrage de Villerest (eaux superficielles)<br>arrêté valable du 13/09/2022 au 31/10/2022
Saint-Jodard (42590),Alerte renforcée,zone : Affluents rive droite de la Loire de la confluence avec le Furan jusqu'au barrage de Villerest (eaux superficielles)<br>arrêté valable du 13/09/2022 au 31/10/2022
Saint-Jodard (42590),Alerte renforcée,zone : Fleuve Loire et sa nappe d'accompagnement à l'aval de la queue de retenue de Villerest (eaux superficielles)<br>arrêté valable du 13/09/2022 au 31/10/2022
Saint-Joseph (42800),Alerte,zone : Bassin versant du Gier dans le département (eaux superficielles)<br>arrêté valable du 13/09/2022 au 31/10/2022
Saint-Julien-Molin-Molette (42220),Alerte renforcée,"zone : Affluents du Rhône hors Gier, bassins versants Limony Cance hors Rhône et sa nappe d'accompagnement (eaux superficielles)<br>arrêté valable du 13/09/2022 au 31/10/2022"
Saint-Julien-d'Oddes (42260),Alerte renforcée,zone : Affluents rive gauche de la Loire jusqu'au barrage de Villerest (eaux superficielles)<br>arrêté valable du 13/09/2022 au 31/10/2022
Saint-Just-Saint-Rambert (42170),Alerte renforcée,"zone : Affluents de la Loire à l'amont de la confluence Furan : Dunière, l'Andrable, Semène, Ondaine, Furan (eaux superficielles)<br>arrêté valable du 13/09/2022 au 31/10/2022"
Saint-Just-Saint-Rambert (42170),Alerte renforcée,zone : Affluents rive gauche de la Loire jusqu'au barrage de Villerest (eaux superficielles)<br>arrêté valable du 13/09/2022 au 31/10/2022
Saint-Just-Saint-Rambert (42170),Alerte renforcée,zone : Fleuve Loire et sa nappe d'accompagnement à l'amont de la queue de retenue de Villerest (eaux superficielles)<br>arrêté valable du 13/09/2022 au 31/10/2022
Saint-Just-en-Bas (42990),Alerte renforcée,zone : Affluents rive gauche de la Loire jusqu'au barrage de Villerest (eaux superficielles)<br>arrêté valable du 13/09/2022 au 31/10/2022
Saint-Just-en-Chevalet (42430),Alerte renforcée,zone : Affluents rive gauche de la Loire jusqu'au barrage de Villerest (eaux superficielles)<br>arrêté valable du 13/09/2022 au 31/10/2022
Saint-Just-la-Pendue (42540),Alerte renforcée,zone : Affluents rive droite de la Loire de la confluence avec le Furan jusqu'au barrage de Villerest (eaux superficielles)<br>arrêté valable du 13/09/2022 au 31/10/2022
Saint-Laurent-Rochefort (42130),Alerte renforcée,zone : Affluents rive gauche de la Loire jusqu'au barrage de Villerest (eaux superficielles)<br>arrêté valable du 13/09/2022 au 31/10/2022
Saint-Laurent-la-Conche (42210),Alerte renforcée,zone : Affluents rive droite de la Loire de la confluence avec le Furan jusqu'au barrage de Villerest (eaux superficielles)<br>arrêté valable du 13/09/2022 au 31/10/2022
Saint-Laurent-la-Conche (42210),Alerte renforcée,zone : Fleuve Loire et sa nappe d'accompagnement à l'amont de la queue de retenue de Villerest (eaux superficielles)<br>arrêté valable du 13/09/2022 au 31/10/2022
Saint-Léger-sur-Roanne (42155),Alerte,"zone : Affluents rive gauche de la Loire à l'aval du barrage de Villerest; Besbre, Malgoutte, Arcon, Urbise (eaux superficielles)<br>arrêté valable du 13/09/2022 au 31/10/2022"
Saint-Marcel-d'Urfé (42430),Alerte renforcée,zone : Affluents rive gauche de la Loire jusqu'au barrage de Villerest (eaux superficielles)<br>arrêté valable du 13/09/2022 au 31/10/2022
Saint-Marcel-de-Félines (42122),Alerte renforcée,zone : Affluents rive droite de la Loire de la confluence avec le Furan jusqu'au barrage de Villerest (eaux superficielles)<br>arrêté valable du 13/09/2022 au 31/10/2022
Saint-Marcellin-en-Forez (42680),Alerte renforcée,zone : Affluents rive gauche de la Loire jusqu'au barrage de Villerest (eaux superficielles)<br>arrêté valable du 13/09/2022 au 31/10/2022
Saint-Martin-Lestra (42110),Alerte renforcée,zone : Affluents rive droite de la Loire de la confluence avec le Furan jusqu'au barrage de Villerest (eaux superficielles)<br>arrêté valable du 13/09/2022 au 31/10/2022
Saint-Martin-d'Estréaux (42620),Alerte,"zone : Affluents rive gauche de la Loire à l'aval du barrage de Villerest; Besbre, Malgoutte, Arcon, Urbise (eaux superficielles)<br>arrêté valable du 13/09/2022 au 31/10/2022"
Saint-Martin-la-Plaine (42800),Alerte,zone : Bassin versant du Gier dans le département (eaux superficielles)<br>arrêté valable du 13/09/2022 au 31/10/2022
Saint-Martin-la-Sauveté (42260),Alerte renforcée,zone : Affluents rive gauche de la Loire jusqu'au barrage de Villerest (eaux superficielles)<br>arrêté valable du 13/09/2022 au 31/10/2022
Saint-Maurice-en-Gourgois (42240),Alerte renforcée,zone : Affluents rive gauche de la Loire jusqu'au barrage de Villerest (eaux superficielles)<br>arrêté valable du 13/09/2022 au 31/10/2022
Saint-Michel-sur-Rhône (42410),Alerte renforcée,"zone : Affluents du Rhône hors Gier, bassins versants Limony Cance hors Rhône et sa nappe d'accompagnement (eaux superficielles)<br>arrêté valable du 13/09/2022 au 31/10/2022"
Saint-Médard-en-Forez (42330),Alerte renforcée,zone : Affluents rive droite de la Loire de la confluence avec le Furan jusqu'au barrage de Villerest (eaux superficielles)<br>arrêté valable du 13/09/2022 au 31/10/2022
Saint-Nizier-de-Fornas (42380),Alerte renforcée,zone : Affluents rive gauche de la Loire jusqu'au barrage de Villerest (eaux superficielles)<br>arrêté valable du 13/09/2022 au 31/10/2022
Saint-Nizier-sous-Charlieu (42190),Alerte renforcée,zone : Affluents rive droite de la Loire à l'aval du barrage de Villerest (eaux superficielles)<br>arrêté valable du 13/09/2022 au 31/10/2022
Saint-Nizier-sous-Charlieu (42190),Alerte renforcée,zone : Fleuve Loire et sa nappe d'accompagnement à l'aval de la queue de retenue de Villerest (eaux superficielles)<br>arrêté valable du 13/09/2022 au 31/10/2022
Saint-Paul-d'Uzore (42600),Alerte renforcée,zone : Affluents rive gauche de la Loire jusqu'au barrage de Villerest (eaux superficielles)<br>arrêté valable du 13/09/2022 au 31/10/2022
Saint-Paul-en-Cornillon (42240),Alerte renforcée,"zone : Affluents de la Loire à l'amont de la confluence Furan : Dunière, l'Andrable, Semène, Ondaine, Furan (eaux superficielles)<br>arrêté valable du 13/09/2022 au 31/10/2022"
Saint-Paul-en-Cornillon (42240),Alerte renforcée,zone : Fleuve Loire et sa nappe d'accompagnement à l'amont de la queue de retenue de Villerest (eaux superficielles)<br>arrêté valable du 13/09/2022 au 31/10/2022
Saint-Paul-en-Jarez (42740),Alerte,zone : Bassin versant du Gier dans le département (eaux superficielles)<br>arrêté valable du 13/09/2022 au 31/10/2022
Saint-Pierre-de-Bœuf (42520),Alerte renforcée,"zone : Affluents du Rhône hors Gier, bassins versants Limony Cance hors Rhône et sa nappe d'accompagnement (eaux superficielles)<br>arrêté valable du 13/09/2022 au 31/10/2022"
Saint-Pierre-la-Noaille (42190),Alerte renforcée,zone : Affluents rive droite de la Loire à l'aval du barrage de Villerest (eaux superficielles)<br>arrêté valable du 13/09/2022 au 31/10/2022
Saint-Pierre-la-Noaille (42190),Alerte renforcée,zone : Fleuve Loire et sa nappe d'accompagnement à l'aval de la queue de retenue de Villerest (eaux superficielles)<br>arrêté valable du 13/09/2022 au 31/10/2022
Saint-Polgues (42260),Alerte renforcée,zone : Affluents rive gauche de la Loire jusqu'au barrage de Villerest (eaux superficielles)<br>arrêté valable du 13/09/2022 au 31/10/2022
Saint-Priest-en-Jarez (42270),Alerte renforcée,"zone : Affluents de la Loire à l'amont de la confluence Furan : Dunière, l'Andrable, Semène, Ondaine, Furan (eaux superficielles)<br>arrêté valable du 13/09/2022 au 31/10/2022"
Saint-Priest-la-Prugne (42830),Alerte renforcée,zone : Affluents rive gauche de la Loire jusqu'au barrage de Villerest (eaux superficielles)<br>arrêté valable du 13/09/2022 au 31/10/2022
Saint-Priest-la-Roche (42590),Alerte renforcée,zone : Affluents rive droite de la Loire de la confluence avec le Furan jusqu'au barrage de Villerest (eaux superficielles)<br>arrêté valable du 13/09/2022 au 31/10/2022
Saint-Priest-la-Roche (42590),Alerte renforcée,zone : Fleuve Loire et sa nappe d'accompagnement à l'aval de la queue de retenue de Villerest (eaux superficielles)<br>arrêté valable du 13/09/2022 au 31/10/2022
Saint-Priest-la-Vêtre (42440),Alerte renforcée,zone : Affluents rive gauche de la Loire jusqu'au barrage de Villerest (eaux superficielles)<br>arrêté valable du 13/09/2022 au 31/10/2022
Saint-Rirand (42370),Alerte,"zone : Affluents rive gauche de la Loire à l'aval du barrage de Villerest; Besbre, Malgoutte, Arcon, Urbise (eaux superficielles)<br>arrêté valable du 13/09/2022 au 31/10/2022"
Saint-Romain-d'Urfé (42430),Alerte renforcée,zone : Affluents rive gauche de la Loire jusqu'au barrage de Villerest (eaux superficielles)<br>arrêté valable du 13/09/2022 au 31/10/2022
Saint-Romain-en-Jarez (42800),Alerte,zone : Bassin versant du Gier dans le département (eaux superficielles)<br>arrêté valable du 13/09/2022 au 31/10/2022
Saint-Romain-la-Motte (42640),Alerte,"zone : Affluents rive gauche de la Loire à l'aval du barrage de Villerest; Besbre, Malgoutte, Arcon, Urbise (eaux superficielles)<br>arrêté valable du 13/09/2022 au 31/10/2022"
Saint-Romain-le-Puy (42610),Alerte renforcée,zone : Affluents rive gauche de la Loire jusqu'au barrage de Villerest (eaux superficielles)<br>arrêté valable du 13/09/2022 au 31/10/2022
Saint-Romain-les-Atheux (42660),Alerte renforcée,"zone : Affluents de la Loire à l'amont de la confluence Furan : Dunière, l'Andrable, Semène, Ondaine, Furan (eaux superficielles)<br>arrêté valable du 13/09/2022 au 31/10/2022"
Saint-Régis-du-Coin (42660),Alerte renforcée,"zone : Affluents de la Loire à l'amont de la confluence Furan : Dunière, l'Andrable, Semène, Ondaine, Furan (eaux superficielles)<br>arrêté valable du 13/09/2022 au 31/10/2022"
Saint-Sauveur-en-Rue (42220),Alerte renforcée,"zone : Affluents du Rhône hors Gier, bassins versants Limony Cance hors Rhône et sa nappe d'accompagnement (eaux superficielles)<br>arrêté valable du 13/09/2022 au 31/10/2022"
Saint-Sixte (42130),Alerte renforcée,zone : Affluents rive gauche de la Loire jusqu'au barrage de Villerest (eaux superficielles)<br>arrêté valable du 13/09/2022 au 31/10/2022
Saint-Symphorien-de-Lay (42470),Alerte renforcée,zone : Affluents rive droite de la Loire à l'aval du barrage de Villerest (eaux superficielles)<br>arrêté valable du 13/09/2022 au 31/10/2022
Saint-Thomas-la-Garde (42600),Alerte renforcée,zone : Affluents rive gauche de la Loire jusqu'au barrage de Villerest (eaux superficielles)<br>arrêté valable du 13/09/2022 au 31/10/2022
Saint-Victor-sur-Rhins (42630),Alerte renforcée,zone : Affluents rive droite de la Loire à l'aval du barrage de Villerest (eaux superficielles)<br>arrêté valable du 13/09/2022 au 31/10/2022
Saint-Vincent-de-Boisset (42120),Alerte renforcée,zone : Affluents rive droite de la Loire à l'aval du barrage de Villerest (eaux superficielles)<br>arrêté valable du 13/09/2022 au 31/10/2022
"Saint-Étienne (42100, 42000, 42230)",Alerte renforcée,"zone : Affluents de la Loire à l'amont de la confluence Furan : Dunière, l'Andrable, Semène, Ondaine, Furan (eaux superficielles)<br>arrêté valable du 13/09/2022 au 31/10/2022"
"Saint-Étienne (42100, 42000, 42230)",Alerte renforcée,zone : Fleuve Loire et sa nappe d'accompagnement à l'amont de la queue de retenue de Villerest (eaux superficielles)<br>arrêté valable du 13/09/2022 au 31/10/2022
Saint-Étienne-le-Molard (42130),Alerte renforcée,zone : Affluents rive gauche de la Loire jusqu'au barrage de Villerest (eaux superficielles)<br>arrêté valable du 13/09/2022 au 31/10/2022
Sainte-Agathe-en-Donzy (42510),Alerte renforcée,zone : Affluents rive droite de la Loire de la confluence avec le Furan jusqu'au barrage de Villerest (eaux superficielles)<br>arrêté valable du 13/09/2022 au 31/10/2022
Sainte-Agathe-la-Bouteresse (42130),Alerte renforcée,zone : Affluents rive gauche de la Loire jusqu'au barrage de Villerest (eaux superficielles)<br>arrêté valable du 13/09/2022 au 31/10/2022
Sainte-Colombe-sur-Gand (42540),Alerte renforcée,zone : Affluents rive droite de la Loire de la confluence avec le Furan jusqu'au barrage de Villerest (eaux superficielles)<br>arrêté valable du 13/09/2022 au 31/10/2022
Sainte-Croix-en-Jarez (42800),Alerte,zone : Bassin versant du Gier dans le département (eaux superficielles)<br>arrêté valable du 13/09/2022 au 31/10/2022
Sainte-Foy-Saint-Sulpice (42110),Alerte renforcée,zone : Affluents rive gauche de la Loire jusqu'au barrage de Villerest (eaux superficielles)<br>arrêté valable du 13/09/2022 au 31/10/2022
Salt-en-Donzy (42110),Alerte renforcée,zone : Affluents rive droite de la Loire de la confluence avec le Furan jusqu'au barrage de Villerest (eaux superficielles)<br>arrêté valable du 13/09/2022 au 31/10/2022
Salvizinet (42110),Alerte renforcée,zone : Affluents rive droite de la Loire de la confluence avec le Furan jusqu'au barrage de Villerest (eaux superficielles)<br>arrêté valable du 13/09/2022 au 31/10/2022
Sauvain (42990),Alerte renforcée,zone : Affluents rive gauche de la Loire jusqu'au barrage de Villerest (eaux superficielles)<br>arrêté valable du 13/09/2022 au 31/10/2022
Savigneux (42600),Alerte renforcée,zone : Affluents rive gauche de la Loire jusqu'au barrage de Villerest (eaux superficielles)<br>arrêté valable du 13/09/2022 au 31/10/2022
Sevelinges (42460),Alerte renforcée,zone : Affluents rive droite de la Loire à l'aval du barrage de Villerest (eaux superficielles)<br>arrêté valable du 13/09/2022 au 31/10/2022
Soleymieux (42560),Alerte renforcée,zone : Affluents rive gauche de la Loire jusqu'au barrage de Villerest (eaux superficielles)<br>arrêté valable du 13/09/2022 au 31/10/2022
Sorbiers (42290),Alerte renforcée,"zone : Affluents de la Loire à l'amont de la confluence Furan : Dunière, l'Andrable, Semène, Ondaine, Furan (eaux superficielles)<br>arrêté valable du 13/09/2022 au 31/10/2022"
Souternon (42260),Alerte renforcée,zone : Affluents rive gauche de la Loire jusqu'au barrage de Villerest (eaux superficielles)<br>arrêté valable du 13/09/2022 au 31/10/2022
Sury-le-Comtal (42450),Alerte renforcée,zone : Affluents rive gauche de la Loire jusqu'au barrage de Villerest (eaux superficielles)<br>arrêté valable du 13/09/2022 au 31/10/2022
Tarentaise (42660),Alerte renforcée,"zone : Affluents de la Loire à l'amont de la confluence Furan : Dunière, l'Andrable, Semène, Ondaine, Furan (eaux superficielles)<br>arrêté valable du 13/09/2022 au 31/10/2022"
Tartaras (42800),Alerte,zone : Bassin versant du Gier dans le département (eaux superficielles)<br>arrêté valable du 13/09/2022 au 31/10/2022
Thélis-la-Combe (42220),Alerte renforcée,"zone : Affluents du Rhône hors Gier, bassins versants Limony Cance hors Rhône et sa nappe d'accompagnement (eaux superficielles)<br>arrêté valable du 13/09/2022 au 31/10/2022"
Trelins (42130),Alerte renforcée,zone : Affluents rive gauche de la Loire jusqu'au barrage de Villerest (eaux superficielles)<br>arrêté valable du 13/09/2022 au 31/10/2022
Unias (42210),Alerte renforcée,zone : Affluents rive gauche de la Loire jusqu'au barrage de Villerest (eaux superficielles)<br>arrêté valable du 13/09/2022 au 31/10/2022
Unias (42210),Alerte renforcée,zone : Fleuve Loire et sa nappe d'accompagnement à l'amont de la queue de retenue de Villerest (eaux superficielles)<br>arrêté valable du 13/09/2022 au 31/10/2022
Unieux (42240),Alerte renforcée,"zone : Affluents de la Loire à l'amont de la confluence Furan : Dunière, l'Andrable, Semène, Ondaine, Furan (eaux superficielles)<br>arrêté valable du 13/09/2022 au 31/10/2022"
Unieux (42240),Alerte renforcée,zone : Fleuve Loire et sa nappe d'accompagnement à l'amont de la queue de retenue de Villerest (eaux superficielles)<br>arrêté valable du 13/09/2022 au 31/10/2022
Urbise (42310),Alerte,"zone : Affluents rive gauche de la Loire à l'aval du barrage de Villerest; Besbre, Malgoutte, Arcon, Urbise (eaux superficielles)<br>arrêté valable du 13/09/2022 au 31/10/2022"
Usson-en-Forez (42550),Alerte renforcée,"zone : Affluents de la Loire à l'amont de la confluence Furan : Dunière, l'Andrable, Semène, Ondaine, Furan (eaux superficielles)<br>arrêté valable du 13/09/2022 au 31/10/2022"
Valeille (42110),Alerte renforcée,zone : Affluents rive droite de la Loire de la confluence avec le Furan jusqu'au barrage de Villerest (eaux superficielles)<br>arrêté valable du 13/09/2022 au 31/10/2022
Valfleury (42320),Alerte,zone : Bassin versant du Gier dans le département (eaux superficielles)<br>arrêté valable du 13/09/2022 au 31/10/2022
Veauche (42340),Alerte renforcée,zone : Affluents rive droite de la Loire de la confluence avec le Furan jusqu'au barrage de Villerest (eaux superficielles)<br>arrêté valable du 13/09/2022 au 31/10/2022
Veauche (42340),Alerte renforcée,zone : Fleuve Loire et sa nappe d'accompagnement à l'amont de la queue de retenue de Villerest (eaux superficielles)<br>arrêté valable du 13/09/2022 au 31/10/2022
Veauchette (42340),Alerte renforcée,zone : Affluents rive gauche de la Loire jusqu'au barrage de Villerest (eaux superficielles)<br>arrêté valable du 13/09/2022 au 31/10/2022
Veauchette (42340),Alerte renforcée,zone : Fleuve Loire et sa nappe d'accompagnement à l'amont de la queue de retenue de Villerest (eaux superficielles)<br>arrêté valable du 13/09/2022 au 31/10/2022
Vendranges (42590),Alerte renforcée,zone : Affluents rive droite de la Loire à l'aval du barrage de Villerest (eaux superficielles)<br>arrêté valable du 13/09/2022 au 31/10/2022
Verrières-en-Forez (42600),Alerte renforcée,zone : Affluents rive gauche de la Loire jusqu'au barrage de Villerest (eaux superficielles)<br>arrêté valable du 13/09/2022 au 31/10/2022
Villars (42390),Alerte renforcée,"zone : Affluents de la Loire à l'amont de la confluence Furan : Dunière, l'Andrable, Semène, Ondaine, Furan (eaux superficielles)<br>arrêté valable du 13/09/2022 au 31/10/2022"
Villemontais (42155),Alerte,"zone : Affluents rive gauche de la Loire à l'aval du barrage de Villerest; Besbre, Malgoutte, Arcon, Urbise (eaux superficielles)<br>arrêté valable du 13/09/2022 au 31/10/2022"
Villemontais (42155),Alerte renforcée,zone : Affluents rive gauche de la Loire jusqu'au barrage de Villerest (eaux superficielles)<br>arrêté valable du 13/09/2022 au 31/10/2022
Villerest (42300),Alerte,"zone : Affluents rive gauche de la Loire à l'aval du barrage de Villerest; Besbre, Malgoutte, Arcon, Urbise (eaux superficielles)<br>arrêté valable du 13/09/2022 au 31/10/2022"
Villerest (42300),Alerte renforcée,zone : Fleuve Loire et sa nappe d'accompagnement à l'aval de la queue de retenue de Villerest (eaux superficielles)<br>arrêté valable du 13/09/2022 au 31/10/2022
Villers (42460),Alerte renforcée,zone : Affluents rive droite de la Loire à l'aval du barrage de Villerest (eaux superficielles)<br>arrêté valable du 13/09/2022 au 31/10/2022
Violay (42780),Alerte renforcée,zone : Affluents rive droite de la Loire de la confluence avec le Furan jusqu'au barrage de Villerest (eaux superficielles)<br>arrêté valable du 13/09/2022 au 31/10/2022
Viricelles (42140),Alerte renforcée,zone : Affluents rive droite de la Loire de la confluence avec le Furan jusqu'au barrage de Villerest (eaux superficielles)<br>arrêté valable du 13/09/2022 au 31/10/2022
Virigneux (42140),Alerte renforcée,zone : Affluents rive droite de la Loire de la confluence avec le Furan jusqu'au barrage de Villerest (eaux superficielles)<br>arrêté valable du 13/09/2022 au 31/10/2022
Vivans (42310),Alerte,"zone : Affluents rive gauche de la Loire à l'aval du barrage de Villerest; Besbre, Malgoutte, Arcon, Urbise (eaux superficielles)<br>arrêté valable du 13/09/2022 au 31/10/2022"
Vougy (42720),Alerte renforcée,zone : Affluents rive droite de la Loire à l'aval du barrage de Villerest (eaux superficielles)<br>arrêté valable du 13/09/2022 au 31/10/2022
Vougy (42720),Alerte renforcée,zone : Fleuve Loire et sa nappe d'accompagnement à l'aval de la queue de retenue de Villerest (eaux superficielles)<br>arrêté valable du 13/09/2022 au 31/10/2022
Véranne (42520),Alerte renforcée,"zone : Affluents du Rhône hors Gier, bassins versants Limony Cance hors Rhône et sa nappe d'accompagnement (eaux superficielles)<br>arrêté valable du 13/09/2022 au 31/10/2022"
Vérin (42410),Alerte renforcée,"zone : Affluents du Rhône hors Gier, bassins versants Limony Cance hors Rhône et sa nappe d'accompagnement (eaux superficielles)<br>arrêté valable du 13/09/2022 au 31/10/2022"
"Vézelin-sur-Loire (42260, 42590)",Alerte renforcée,zone : Affluents rive gauche de la Loire jusqu'au barrage de Villerest (eaux superficielles)<br>arrêté valable du 13/09/2022 au 31/10/2022
"Vézelin-sur-Loire (42260, 42590)",Alerte renforcée,zone : Fleuve Loire et sa nappe d'accompagnement à l'aval de la queue de retenue de Villerest (eaux superficielles)<br>arrêté valable du 13/09/2022 au 31/10/2022
"Vêtre-sur-Anzon (42111, 42440)",Alerte renforcée,zone : Affluents rive gauche de la Loire jusqu'au barrage de Villerest (eaux superficielles)<br>arrêté valable du 13/09/2022 au 31/10/2022
Écoche (42670),Alerte renforcée,zone : Affluents rive droite de la Loire à l'aval du barrage de Villerest (eaux superficielles)<br>arrêté valable du 13/09/2022 au 31/10/2022
Écotay-l'Olme (42600),Alerte renforcée,zone : Affluents rive gauche de la Loire jusqu'au barrage de Villerest (eaux superficielles)<br>arrêté valable du 13/09/2022 au 31/10/2022
Épercieux-Saint-Paul (42110),Alerte renforcée,zone : Affluents rive droite de la Loire de la confluence avec le Furan jusqu'au barrage de Villerest (eaux superficielles)<br>arrêté valable du 13/09/2022 au 31/10/2022
Épercieux-Saint-Paul (42110),Alerte renforcée,zone : Fleuve Loire et sa nappe d'accompagnement à l'amont de la queue de retenue de Villerest (eaux superficielles)<br>arrêté valable du 13/09/2022 au 31/10/2022
Agnat (43100),Alerte renforcée,zone : ALLIER AVAL (eaux superficielles)<br>arrêté valable du 17/09/2022 au 31/10/2022
Aiguilhe (43000),Alerte,zone : BORNE (eaux superficielles)<br>arrêté valable du 17/09/2022 au 31/10/2022
Alleyrac (43150),Alerte renforcée,zone : LOIRE AMONT (eaux superficielles)<br>arrêté valable du 17/09/2022 au 31/10/2022
Alleyras (43580),Alerte renforcée,zone : ALLIER AMONT (eaux superficielles)<br>arrêté valable du 17/09/2022 au 31/10/2022
Alleyras (43580),Alerte,zone : ALLIER (lit mineur + 100m) (eaux superficielles)<br>arrêté valable du 17/09/2022 au 31/10/2022
Ally (43380),Alerte renforcée,zone : ALLIER MOYEN (eaux superficielles)<br>arrêté valable du 17/09/2022 au 31/10/2022
Allègre (43270),Alerte,zone : BORNE (eaux superficielles)<br>arrêté valable du 17/09/2022 au 31/10/2022
Araules (43200),Alerte,zone : HAUT-LIGNON (eaux superficielles)<br>arrêté valable du 17/09/2022 au 31/10/2022
Araules (43200),Alerte,zone : LOIRE MOYENNE RIVE DROITE (eaux superficielles)<br>arrêté valable du 17/09/2022 au 31/10/2022
Arlempdes (43490),Alerte renforcée,zone : LOIRE AMONT (eaux superficielles)<br>arrêté valable du 17/09/2022 au 31/10/2022
Arlempdes (43490),Alerte,zone : LOIRE (lit mineur + 100m) (eaux superficielles)<br>arrêté valable du 17/09/2022 au 31/10/2022
Arlet (43380),Alerte renforcée,zone : ALLIER MOYEN (eaux superficielles)<br>arrêté valable du 17/09/2022 au 31/10/2022
Arsac-en-Velay (43700),Alerte renforcée,zone : LOIRE AMONT (eaux superficielles)<br>arrêté valable du 17/09/2022 au 31/10/2022
Aubazat (43380),Alerte,zone : ALLIER (lit mineur + 100m) (eaux superficielles)<br>arrêté valable du 17/09/2022 au 31/10/2022
Aubazat (43380),Alerte renforcée,zone : ALLIER MOYEN (eaux superficielles)<br>arrêté valable du 17/09/2022 au 31/10/2022
Aurec-sur-Loire (43110),Alerte renforcée,zone : LOIRE AVAL (eaux superficielles)<br>arrêté valable du 17/09/2022 au 31/10/2022
Aurec-sur-Loire (43110),Alerte,zone : LOIRE (lit mineur + 100m) (eaux superficielles)<br>arrêté valable du 17/09/2022 au 31/10/2022
Autrac (43450),Alerte renforcée,zone : ALAGNON (eaux superficielles)<br>arrêté valable du 17/09/2022 au 31/10/2022
Auvers (43300),Alerte renforcée,zone : ALLIER MOYEN (eaux superficielles)<br>arrêté valable du 17/09/2022 au 31/10/2022
Auzon (43390),Alerte renforcée,zone : ALLIER AVAL (eaux superficielles)<br>arrêté valable du 17/09/2022 au 31/10/2022
Auzon (43390),Alerte,zone : ALLIER (lit mineur + 100m) (eaux superficielles)<br>arrêté valable du 17/09/2022 au 31/10/2022
Azérat (43390),Alerte renforcée,zone : ALLIER AVAL (eaux superficielles)<br>arrêté valable du 17/09/2022 au 31/10/2022
Azérat (43390),Alerte,zone : ALLIER (lit mineur + 100m) (eaux superficielles)<br>arrêté valable du 17/09/2022 au 31/10/2022
Bains (43370),Alerte renforcée,zone : LOIRE AMONT (eaux superficielles)<br>arrêté valable du 17/09/2022 au 31/10/2022
Barges (43340),Alerte renforcée,zone : ALLIER AMONT (eaux superficielles)<br>arrêté valable du 17/09/2022 au 31/10/2022
Barges (43340),Alerte renforcée,zone : LOIRE AMONT (eaux superficielles)<br>arrêté valable du 17/09/2022 au 31/10/2022
Bas-en-Basset (43210),Alerte renforcée,zone : LOIRE AVAL (eaux superficielles)<br>arrêté valable du 17/09/2022 au 31/10/2022
Bas-en-Basset (43210),Alerte,zone : LOIRE (lit mineur + 100m) (eaux superficielles)<br>arrêté valable du 17/09/2022 au 31/10/2022
Beaulieu (43800),Alerte,zone : LOIRE (lit mineur + 100m) (eaux superficielles)<br>arrêté valable du 17/09/2022 au 31/10/2022
Beaulieu (43800),Alerte,zone : LOIRE MOYENNE RIVE DROITE (eaux superficielles)<br>arrêté valable du 17/09/2022 au 31/10/2022
Beaumont (43100),Alerte renforcée,zone : ALLIER AVAL (eaux superficielles)<br>arrêté valable du 17/09/2022 au 31/10/2022
Beaune-sur-Arzon (43500),Alerte renforcée,zone : LOIRE MOYENNE RIVE GAUCHE (eaux superficielles)<br>arrêté valable du 17/09/2022 au 31/10/2022
Beaux (43200),Alerte,zone : LOIRE MOYENNE RIVE DROITE (eaux superficielles)<br>arrêté valable du 17/09/2022 au 31/10/2022
Beauzac (43590),Alerte,zone : LOIRE (lit mineur + 100m) (eaux superficielles)<br>arrêté valable du 17/09/2022 au 31/10/2022
Beauzac (43590),Alerte,zone : LOIRE MOYENNE RIVE DROITE (eaux superficielles)<br>arrêté valable du 17/09/2022 au 31/10/2022
Beauzac (43590),Alerte renforcée,zone : LOIRE MOYENNE RIVE GAUCHE (eaux superficielles)<br>arrêté valable du 17/09/2022 au 31/10/2022
Bellevue-la-Montagne (43350),Alerte,zone : BORNE (eaux superficielles)<br>arrêté valable du 17/09/2022 au 31/10/2022
Bellevue-la-Montagne (43350),Alerte renforcée,zone : LOIRE MOYENNE RIVE GAUCHE (eaux superficielles)<br>arrêté valable du 17/09/2022 au 31/10/2022
Berbezit (43160),Alerte renforcée,zone : ALLIER AVAL (eaux superficielles)<br>arrêté valable du 17/09/2022 au 31/10/2022
Bessamorel (43200),Alerte,zone : LOIRE MOYENNE RIVE DROITE (eaux superficielles)<br>arrêté valable du 17/09/2022 au 31/10/2022
Blanzac (43350),Alerte,zone : BORNE (eaux superficielles)<br>arrêté valable du 17/09/2022 au 31/10/2022
Blassac (43380),Alerte,zone : ALLIER (lit mineur + 100m) (eaux superficielles)<br>arrêté valable du 17/09/2022 au 31/10/2022
Blassac (43380),Alerte renforcée,zone : ALLIER MOYEN (eaux superficielles)<br>arrêté valable du 17/09/2022 au 31/10/2022
Blavozy (43700),Alerte renforcée,zone : LOIRE AMONT (eaux superficielles)<br>arrêté valable du 17/09/2022 au 31/10/2022
Blavozy (43700),Alerte,zone : LOIRE MOYENNE RIVE DROITE (eaux superficielles)<br>arrêté valable du 17/09/2022 au 31/10/2022
Blesle (43450),Alerte renforcée,zone : ALAGNON (eaux superficielles)<br>arrêté valable du 17/09/2022 au 31/10/2022
Boisset (43500),Alerte renforcée,zone : LOIRE MOYENNE RIVE GAUCHE (eaux superficielles)<br>arrêté valable du 17/09/2022 au 31/10/2022
Bonneval (43160),Alerte renforcée,zone : DORETTE (eaux superficielles)<br>arrêté valable du 17/09/2022 au 31/10/2022
Bonneval (43160),Alerte renforcée,zone : LOIRE MOYENNE RIVE GAUCHE (eaux superficielles)<br>arrêté valable du 17/09/2022 au 31/10/2022
Borne (43350),Alerte,zone : BORNE (eaux superficielles)<br>arrêté valable du 17/09/2022 au 31/10/2022
Bournoncle-Saint-Pierre (43360),Alerte renforcée,zone : ALLIER AVAL (eaux superficielles)<br>arrêté valable du 17/09/2022 au 31/10/2022
Brioude (43100),Alerte renforcée,zone : ALLIER AVAL (eaux superficielles)<br>arrêté valable du 17/09/2022 au 31/10/2022
Brioude (43100),Alerte,zone : ALLIER (lit mineur + 100m) (eaux superficielles)<br>arrêté valable du 17/09/2022 au 31/10/2022
Brives-Charensac (43700),Alerte,zone : BORNE (eaux superficielles)<br>arrêté valable du 17/09/2022 au 31/10/2022
Brives-Charensac (43700),Alerte renforcée,zone : LOIRE AMONT (eaux superficielles)<br>arrêté valable du 17/09/2022 au 31/10/2022
Brives-Charensac (43700),Alerte,zone : LOIRE (lit mineur + 100m) (eaux superficielles)<br>arrêté valable du 17/09/2022 au 31/10/2022
Cayres (43510),Alerte renforcée,zone : ALLIER AMONT (eaux superficielles)<br>arrêté valable du 17/09/2022 au 31/10/2022
Cayres (43510),Alerte renforcée,zone : LOIRE AMONT (eaux superficielles)<br>arrêté valable du 17/09/2022 au 31/10/2022
Cerzat (43380),Alerte,zone : ALLIER (lit mineur + 100m) (eaux superficielles)<br>arrêté valable du 17/09/2022 au 31/10/2022
Cerzat (43380),Alerte renforcée,zone : ALLIER MOYEN (eaux superficielles)<br>arrêté valable du 17/09/2022 au 31/10/2022
Ceyssac (43000),Alerte,zone : BORNE (eaux superficielles)<br>arrêté valable du 17/09/2022 au 31/10/2022
Ceyssac (43000),Alerte renforcée,zone : LOIRE AMONT (eaux superficielles)<br>arrêté valable du 17/09/2022 au 31/10/2022
Chadrac (43770),Alerte,zone : BORNE (eaux superficielles)<br>arrêté valable du 17/09/2022 au 31/10/2022
Chadrac (43770),Alerte,zone : LOIRE (lit mineur + 100m) (eaux superficielles)<br>arrêté valable du 17/09/2022 au 31/10/2022
Chadron (43150),Alerte renforcée,zone : LOIRE AMONT (eaux superficielles)<br>arrêté valable du 17/09/2022 au 31/10/2022
Chadron (43150),Alerte,zone : LOIRE (lit mineur + 100m) (eaux superficielles)<br>arrêté valable du 17/09/2022 au 31/10/2022
Chamalières-sur-Loire (43800),Alerte,zone : LOIRE (lit mineur + 100m) (eaux superficielles)<br>arrêté valable du 17/09/2022 au 31/10/2022
Chamalières-sur-Loire (43800),Alerte,zone : LOIRE MOYENNE RIVE DROITE (eaux superficielles)<br>arrêté valable du 17/09/2022 au 31/10/2022
Chamalières-sur-Loire (43800),Alerte renforcée,zone : LOIRE MOYENNE RIVE GAUCHE (eaux superficielles)<br>arrêté valable du 17/09/2022 au 31/10/2022
Chambezon (43410),Alerte renforcée,zone : ALAGNON (eaux superficielles)<br>arrêté valable du 17/09/2022 au 31/10/2022
Champagnac-le-Vieux (43440),Alerte renforcée,zone : ALLIER AVAL (eaux superficielles)<br>arrêté valable du 17/09/2022 au 31/10/2022
"Champclause (43430, 43260)",Alerte,zone : HAUT-LIGNON (eaux superficielles)<br>arrêté valable du 17/09/2022 au 31/10/2022
"Champclause (43430, 43260)",Alerte,zone : LOIRE MOYENNE RIVE DROITE (eaux superficielles)<br>arrêté valable du 17/09/2022 au 31/10/2022
Chanaleilles (43170),Alerte renforcée,zone : ALLIER AMONT (eaux superficielles)<br>arrêté valable du 17/09/2022 au 31/10/2022
Chaniat (43100),Alerte renforcée,zone : ALLIER AVAL (eaux superficielles)<br>arrêté valable du 17/09/2022 au 31/10/2022
Chanteuges (43300),Alerte,zone : ALLIER (lit mineur + 100m) (eaux superficielles)<br>arrêté valable du 17/09/2022 au 31/10/2022
Chanteuges (43300),Alerte renforcée,zone : ALLIER MOYEN (eaux superficielles)<br>arrêté valable du 17/09/2022 au 31/10/2022
Charraix (43300),Alerte renforcée,zone : ALLIER AMONT (eaux superficielles)<br>arrêté valable du 17/09/2022 au 31/10/2022
Charraix (43300),Alerte renforcée,zone : ALLIER MOYEN (eaux superficielles)<br>arrêté valable du 17/09/2022 au 31/10/2022
Chaspinhac (43700),Alerte,zone : LOIRE (lit mineur + 100m) (eaux superficielles)<br>arrêté valable du 17/09/2022 au 31/10/2022
Chaspinhac (43700),Alerte,zone : LOIRE MOYENNE RIVE DROITE (eaux superficielles)<br>arrêté valable du 17/09/2022 au 31/10/2022
Chaspuzac (43320),Alerte,zone : BORNE (eaux superficielles)<br>arrêté valable du 17/09/2022 au 31/10/2022
Chassagnes (43230),Alerte renforcée,zone : ALLIER AVAL (eaux superficielles)<br>arrêté valable du 17/09/2022 au 31/10/2022
Chassignolles (43440),Alerte renforcée,zone : ALLIER AVAL (eaux superficielles)<br>arrêté valable du 17/09/2022 au 31/10/2022
Chastel (43300),Alerte renforcée,zone : ALLIER MOYEN (eaux superficielles)<br>arrêté valable du 17/09/2022 au 31/10/2022
Chaudeyrolles (43430),Alerte,zone : HAUT-LIGNON (eaux superficielles)<br>arrêté valable du 17/09/2022 au 31/10/2022
Chaudeyrolles (43430),Alerte renforcée,zone : LOIRE AMONT (eaux superficielles)<br>arrêté valable du 17/09/2022 au 31/10/2022
Chavaniac-Lafayette (43230),Alerte renforcée,zone : ALLIER AVAL (eaux superficielles)<br>arrêté valable du 17/09/2022 au 31/10/2022
Chazelles (43300),Alerte renforcée,zone : ALLIER MOYEN (eaux superficielles)<br>arrêté valable du 17/09/2022 au 31/10/2022
Chenereilles (43190),Alerte,zone : HAUT-LIGNON (eaux superficielles)<br>arrêté valable du 17/09/2022 au 31/10/2022
Chilhac (43380),Alerte,zone : ALLIER (lit mineur + 100m) (eaux superficielles)<br>arrêté valable du 17/09/2022 au 31/10/2022
Chilhac (43380),Alerte renforcée,zone : ALLIER MOYEN (eaux superficielles)<br>arrêté valable du 17/09/2022 au 31/10/2022
Chomelix (43500),Alerte,zone : BORNE (eaux superficielles)<br>arrêté valable du 17/09/2022 au 31/10/2022
Chomelix (43500),Alerte renforcée,zone : LOIRE MOYENNE RIVE GAUCHE (eaux superficielles)<br>arrêté valable du 17/09/2022 au 31/10/2022
Cistrières (43160),Alerte renforcée,zone : ALLIER AVAL (eaux superficielles)<br>arrêté valable du 17/09/2022 au 31/10/2022
Cohade (43100),Alerte renforcée,zone : ALLIER AVAL (eaux superficielles)<br>arrêté valable du 17/09/2022 au 31/10/2022
Cohade (43100),Alerte,zone : ALLIER (lit mineur + 100m) (eaux superficielles)<br>arrêté valable du 17/09/2022 au 31/10/2022
Collat (43230),Alerte renforcée,zone : ALLIER AVAL (eaux superficielles)<br>arrêté valable du 17/09/2022 au 31/10/2022
Connangles (43160),Alerte renforcée,zone : ALLIER AVAL (eaux superficielles)<br>arrêté valable du 17/09/2022 au 31/10/2022
Costaros (43490),Alerte renforcée,zone : LOIRE AMONT (eaux superficielles)<br>arrêté valable du 17/09/2022 au 31/10/2022
Coubon (43700),Alerte renforcée,zone : LOIRE AMONT (eaux superficielles)<br>arrêté valable du 17/09/2022 au 31/10/2022
Coubon (43700),Alerte,zone : LOIRE (lit mineur + 100m) (eaux superficielles)<br>arrêté valable du 17/09/2022 au 31/10/2022
Couteuges (43230),Alerte renforcée,zone : ALLIER AVAL (eaux superficielles)<br>arrêté valable du 17/09/2022 au 31/10/2022
Craponne-sur-Arzon (43500),Alerte renforcée,zone : LOIRE MOYENNE RIVE GAUCHE (eaux superficielles)<br>arrêté valable du 17/09/2022 au 31/10/2022
Cronce (43300),Alerte renforcée,zone : ALLIER MOYEN (eaux superficielles)<br>arrêté valable du 17/09/2022 au 31/10/2022
Cubelles (43170),Alerte renforcée,zone : ALLIER AMONT (eaux superficielles)<br>arrêté valable du 17/09/2022 au 31/10/2022
Cussac-sur-Loire (43370),Alerte renforcée,zone : LOIRE AMONT (eaux superficielles)<br>arrêté valable du 17/09/2022 au 31/10/2022
Cussac-sur-Loire (43370),Alerte,zone : LOIRE (lit mineur + 100m) (eaux superficielles)<br>arrêté valable du 17/09/2022 au 31/10/2022
Céaux-d'Allègre (43270),Alerte,zone : BORNE (eaux superficielles)<br>arrêté valable du 17/09/2022 au 31/10/2022
Desges (43300),Alerte renforcée,zone : ALLIER MOYEN (eaux superficielles)<br>arrêté valable du 17/09/2022 au 31/10/2022
Domeyrat (43230),Alerte renforcée,zone : ALLIER AVAL (eaux superficielles)<br>arrêté valable du 17/09/2022 au 31/10/2022
Domeyrat (43230),Alerte renforcée,zone : ALLIER MOYEN (eaux superficielles)<br>arrêté valable du 17/09/2022 au 31/10/2022
Dunières (43220),Alerte,zone : LOIRE MOYENNE RIVE DROITE (eaux superficielles)<br>arrêté valable du 17/09/2022 au 31/10/2022
Espalem (43450),Alerte renforcée,zone : ALAGNON (eaux superficielles)<br>arrêté valable du 17/09/2022 au 31/10/2022
Espaly-Saint-Marcel (43000),Alerte,zone : BORNE (eaux superficielles)<br>arrêté valable du 17/09/2022 au 31/10/2022
"Esplantas-Vazeilles (43170, 43580)",Alerte renforcée,zone : ALLIER AMONT (eaux superficielles)<br>arrêté valable du 17/09/2022 au 31/10/2022
Fay-sur-Lignon (43430),Alerte,zone : HAUT-LIGNON (eaux superficielles)<br>arrêté valable du 17/09/2022 au 31/10/2022
Ferrussac (43300),Alerte renforcée,zone : ALLIER MOYEN (eaux superficielles)<br>arrêté valable du 17/09/2022 au 31/10/2022
Fix-Saint-Geneys (43320),Alerte renforcée,zone : ALLIER MOYEN (eaux superficielles)<br>arrêté valable du 17/09/2022 au 31/10/2022
Fix-Saint-Geneys (43320),Alerte,zone : BORNE (eaux superficielles)<br>arrêté valable du 17/09/2022 au 31/10/2022
Fontannes (43100),Alerte renforcée,zone : ALLIER AVAL (eaux superficielles)<br>arrêté valable du 17/09/2022 au 31/10/2022
Fontannes (43100),Alerte,zone : ALLIER (lit mineur + 100m) (eaux superficielles)<br>arrêté valable du 17/09/2022 au 31/10/2022
Freycenet-la-Cuche (43150),Alerte renforcée,zone : LOIRE AMONT (eaux superficielles)<br>arrêté valable du 17/09/2022 au 31/10/2022
Freycenet-la-Tour (43150),Alerte renforcée,zone : LOIRE AMONT (eaux superficielles)<br>arrêté valable du 17/09/2022 au 31/10/2022
Frugerès-les-Mines (43250),Alerte renforcée,zone : ALLIER AVAL (eaux superficielles)<br>arrêté valable du 17/09/2022 au 31/10/2022
Frugières-le-Pin (43230),Alerte renforcée,zone : ALLIER AVAL (eaux superficielles)<br>arrêté valable du 17/09/2022 au 31/10/2022
Félines (43160),Alerte,zone : BORNE (eaux superficielles)<br>arrêté valable du 17/09/2022 au 31/10/2022
Félines (43160),Alerte renforcée,zone : LOIRE MOYENNE RIVE GAUCHE (eaux superficielles)<br>arrêté valable du 17/09/2022 au 31/10/2022
Goudet (43150),Alerte renforcée,zone : LOIRE AMONT (eaux superficielles)<br>arrêté valable du 17/09/2022 au 31/10/2022
Goudet (43150),Alerte,zone : LOIRE (lit mineur + 100m) (eaux superficielles)<br>arrêté valable du 17/09/2022 au 31/10/2022
Grazac (43200),Alerte,zone : LOIRE MOYENNE RIVE DROITE (eaux superficielles)<br>arrêté valable du 17/09/2022 au 31/10/2022
Grenier-Montgon (43450),Alerte renforcée,zone : ALAGNON (eaux superficielles)<br>arrêté valable du 17/09/2022 au 31/10/2022
Grèzes (43170),Alerte renforcée,zone : ALLIER AMONT (eaux superficielles)<br>arrêté valable du 17/09/2022 au 31/10/2022
Javaugues (43100),Alerte renforcée,zone : ALLIER AVAL (eaux superficielles)<br>arrêté valable du 17/09/2022 au 31/10/2022
Jax (43230),Alerte renforcée,zone : ALLIER AVAL (eaux superficielles)<br>arrêté valable du 17/09/2022 au 31/10/2022
Josat (43230),Alerte renforcée,zone : ALLIER AVAL (eaux superficielles)<br>arrêté valable du 17/09/2022 au 31/10/2022
Josat (43230),Alerte,zone : BORNE (eaux superficielles)<br>arrêté valable du 17/09/2022 au 31/10/2022
Jullianges (43500),Alerte renforcée,zone : LOIRE MOYENNE RIVE GAUCHE (eaux superficielles)<br>arrêté valable du 17/09/2022 au 31/10/2022
La Besseyre-Saint-Mary (43170),Alerte renforcée,zone : ALLIER AMONT (eaux superficielles)<br>arrêté valable du 17/09/2022 au 31/10/2022
La Besseyre-Saint-Mary (43170),Alerte renforcée,zone : ALLIER MOYEN (eaux superficielles)<br>arrêté valable du 17/09/2022 au 31/10/2022
La Chaise-Dieu (43160),Alerte renforcée,zone : ALLIER AVAL (eaux superficielles)<br>arrêté valable du 17/09/2022 au 31/10/2022
La Chaise-Dieu (43160),Alerte renforcée,zone : DORETTE (eaux superficielles)<br>arrêté valable du 17/09/2022 au 31/10/2022
La Chapelle-Bertin (43270),Alerte,zone : BORNE (eaux superficielles)<br>arrêté valable du 17/09/2022 au 31/10/2022
La Chapelle-Geneste (43160),Alerte renforcée,zone : ALLIER AVAL (eaux superficielles)<br>arrêté valable du 17/09/2022 au 31/10/2022
La Chapelle-d'Aurec (43120),Alerte renforcée,zone : LOIRE AVAL (eaux superficielles)<br>arrêté valable du 17/09/2022 au 31/10/2022
La Chapelle-d'Aurec (43120),Alerte,zone : LOIRE (lit mineur + 100m) (eaux superficielles)<br>arrêté valable du 17/09/2022 au 31/10/2022
La Chomette (43230),Alerte renforcée,zone : ALLIER MOYEN (eaux superficielles)<br>arrêté valable du 17/09/2022 au 31/10/2022
La Séauve-sur-Semène (43140),Alerte renforcée,zone : LOIRE AVAL (eaux superficielles)<br>arrêté valable du 17/09/2022 au 31/10/2022
Lafarre (43490),Alerte renforcée,zone : LOIRE AMONT (eaux superficielles)<br>arrêté valable du 17/09/2022 au 31/10/2022
Lafarre (43490),Alerte,zone : LOIRE (lit mineur + 100m) (eaux superficielles)<br>arrêté valable du 17/09/2022 au 31/10/2022
Lamothe (43100),Alerte renforcée,zone : ALLIER AVAL (eaux superficielles)<br>arrêté valable du 17/09/2022 au 31/10/2022
Lamothe (43100),Alerte,zone : ALLIER (lit mineur + 100m) (eaux superficielles)<br>arrêté valable du 17/09/2022 au 31/10/2022
Landos (43340),Alerte renforcée,zone : ALLIER AMONT (eaux superficielles)<br>arrêté valable du 17/09/2022 au 31/10/2022
Landos (43340),Alerte renforcée,zone : LOIRE AMONT (eaux superficielles)<br>arrêté valable du 17/09/2022 au 31/10/2022
Langeac (43300),Alerte,zone : ALLIER (lit mineur + 100m) (eaux superficielles)<br>arrêté valable du 17/09/2022 au 31/10/2022
Langeac (43300),Alerte renforcée,zone : ALLIER MOYEN (eaux superficielles)<br>arrêté valable du 17/09/2022 au 31/10/2022
Lantriac (43260),Alerte renforcée,zone : LOIRE AMONT (eaux superficielles)<br>arrêté valable du 17/09/2022 au 31/10/2022
Lapte (43200),Alerte,zone : LOIRE MOYENNE RIVE DROITE (eaux superficielles)<br>arrêté valable du 17/09/2022 au 31/10/2022
Laussonne (43150),Alerte renforcée,zone : LOIRE AMONT (eaux superficielles)<br>arrêté valable du 17/09/2022 au 31/10/2022
Laval-sur-Doulon (43440),Alerte renforcée,zone : ALLIER AVAL (eaux superficielles)<br>arrêté valable du 17/09/2022 au 31/10/2022
Lavaudieu (43100),Alerte renforcée,zone : ALLIER AVAL (eaux superficielles)<br>arrêté valable du 17/09/2022 au 31/10/2022
Lavaudieu (43100),Alerte renforcée,zone : ALLIER MOYEN (eaux superficielles)<br>arrêté valable du 17/09/2022 au 31/10/2022
Lavoûte-Chilhac (43380),Alerte,zone : ALLIER (lit mineur + 100m) (eaux superficielles)<br>arrêté valable du 17/09/2022 au 31/10/2022
Lavoûte-Chilhac (43380),Alerte renforcée,zone : ALLIER MOYEN (eaux superficielles)<br>arrêté valable du 17/09/2022 au 31/10/2022
Lavoûte-sur-Loire (43800),Alerte,zone : LOIRE (lit mineur + 100m) (eaux superficielles)<br>arrêté valable du 17/09/2022 au 31/10/2022
Lavoûte-sur-Loire (43800),Alerte,zone : LOIRE MOYENNE RIVE DROITE (eaux superficielles)<br>arrêté valable du 17/09/2022 au 31/10/2022
Lavoûte-sur-Loire (43800),Alerte renforcée,zone : LOIRE MOYENNE RIVE GAUCHE (eaux superficielles)<br>arrêté valable du 17/09/2022 au 31/10/2022
Le Bouchet-Saint-Nicolas (43510),Alerte renforcée,zone : ALLIER AMONT (eaux superficielles)<br>arrêté valable du 17/09/2022 au 31/10/2022
Le Brignon (43370),Alerte renforcée,zone : LOIRE AMONT (eaux superficielles)<br>arrêté valable du 17/09/2022 au 31/10/2022
Le Brignon (43370),Alerte,zone : LOIRE (lit mineur + 100m) (eaux superficielles)<br>arrêté valable du 17/09/2022 au 31/10/2022
Le Chambon-sur-Lignon (43400),Alerte,zone : HAUT-LIGNON (eaux superficielles)<br>arrêté valable du 17/09/2022 au 31/10/2022
Le Mas-de-Tence (43190),Alerte,zone : HAUT-LIGNON (eaux superficielles)<br>arrêté valable du 17/09/2022 au 31/10/2022
Le Monastier-sur-Gazeille (43150),Alerte renforcée,zone : LOIRE AMONT (eaux superficielles)<br>arrêté valable du 17/09/2022 au 31/10/2022
Le Monteil (43700),Alerte,zone : BORNE (eaux superficielles)<br>arrêté valable du 17/09/2022 au 31/10/2022
Le Monteil (43700),Alerte renforcée,zone : LOIRE AMONT (eaux superficielles)<br>arrêté valable du 17/09/2022 au 31/10/2022
Le Monteil (43700),Alerte,zone : LOIRE (lit mineur + 100m) (eaux superficielles)<br>arrêté valable du 17/09/2022 au 31/10/2022
Le Monteil (43700),Alerte,zone : LOIRE MOYENNE RIVE DROITE (eaux superficielles)<br>arrêté valable du 17/09/2022 au 31/10/2022
Le Pertuis (43200),Alerte,zone : LOIRE MOYENNE RIVE DROITE (eaux superficielles)<br>arrêté valable du 17/09/2022 au 31/10/2022
Le Puy-en-Velay (43000),Alerte,zone : BORNE (eaux superficielles)<br>arrêté valable du 17/09/2022 au 31/10/2022
Le Puy-en-Velay (43000),Alerte renforcée,zone : LOIRE AMONT (eaux superficielles)<br>arrêté valable du 17/09/2022 au 31/10/2022
Le Vernet (43320),Alerte renforcée,zone : ALLIER AMONT (eaux superficielles)<br>arrêté valable du 17/09/2022 au 31/10/2022
Le Vernet (43320),Alerte,zone : BORNE (eaux superficielles)<br>arrêté valable du 17/09/2022 au 31/10/2022
Lempdes-sur-Allagnon (43410),Alerte renforcée,zone : ALAGNON (eaux superficielles)<br>arrêté valable du 17/09/2022 au 31/10/2022
Lempdes-sur-Allagnon (43410),Alerte renforcée,zone : ALLIER AVAL (eaux superficielles)<br>arrêté valable du 17/09/2022 au 31/10/2022
Les Estables (43150),Alerte renforcée,zone : LOIRE AMONT (eaux superficielles)<br>arrêté valable du 17/09/2022 au 31/10/2022
Les Vastres (43430),Alerte,zone : HAUT-LIGNON (eaux superficielles)<br>arrêté valable du 17/09/2022 au 31/10/2022
Les Villettes (43600),Alerte renforcée,zone : LOIRE AVAL (eaux superficielles)<br>arrêté valable du 17/09/2022 au 31/10/2022
Les Villettes (43600),Alerte,zone : LOIRE MOYENNE RIVE DROITE (eaux superficielles)<br>arrêté valable du 17/09/2022 au 31/10/2022
Lissac (43350),Alerte,zone : BORNE (eaux superficielles)<br>arrêté valable du 17/09/2022 au 31/10/2022
Lorlanges (43360),Alerte renforcée,zone : ALAGNON (eaux superficielles)<br>arrêté valable du 17/09/2022 au 31/10/2022
Lorlanges (43360),Alerte renforcée,zone : ALLIER AVAL (eaux superficielles)<br>arrêté valable du 17/09/2022 au 31/10/2022
Loudes (43320),Alerte,zone : BORNE (eaux superficielles)<br>arrêté valable du 17/09/2022 au 31/10/2022
Lubilhac (43100),Alerte renforcée,zone : ALAGNON (eaux superficielles)<br>arrêté valable du 17/09/2022 au 31/10/2022
Léotoing (43410),Alerte renforcée,zone : ALAGNON (eaux superficielles)<br>arrêté valable du 17/09/2022 au 31/10/2022
Malrevers (43800),Alerte,zone : LOIRE MOYENNE RIVE DROITE (eaux superficielles)<br>arrêté valable du 17/09/2022 au 31/10/2022
Malvalette (43210),Alerte renforcée,zone : LOIRE AVAL (eaux superficielles)<br>arrêté valable du 17/09/2022 au 31/10/2022
Malvalette (43210),Alerte,zone : LOIRE (lit mineur + 100m) (eaux superficielles)<br>arrêté valable du 17/09/2022 au 31/10/2022
Malvières (43160),Alerte renforcée,zone : DORETTE (eaux superficielles)<br>arrêté valable du 17/09/2022 au 31/10/2022
Mazerat-Aurouze (43230),Alerte renforcée,zone : ALLIER AVAL (eaux superficielles)<br>arrêté valable du 17/09/2022 au 31/10/2022
Mazet-Saint-Voy (43520),Alerte,zone : HAUT-LIGNON (eaux superficielles)<br>arrêté valable du 17/09/2022 au 31/10/2022
Mazeyrat-d'Allier (43300),Alerte,zone : ALLIER (lit mineur + 100m) (eaux superficielles)<br>arrêté valable du 17/09/2022 au 31/10/2022
Mazeyrat-d'Allier (43300),Alerte renforcée,zone : ALLIER MOYEN (eaux superficielles)<br>arrêté valable du 17/09/2022 au 31/10/2022
Mercœur (43100),Alerte renforcée,zone : ALLIER MOYEN (eaux superficielles)<br>arrêté valable du 17/09/2022 au 31/10/2022
Monistrol-d'Allier (43580),Alerte renforcée,zone : ALLIER AMONT (eaux superficielles)<br>arrêté valable du 17/09/2022 au 31/10/2022
Monistrol-d'Allier (43580),Alerte,zone : ALLIER (lit mineur + 100m) (eaux superficielles)<br>arrêté valable du 17/09/2022 au 31/10/2022
Monistrol-sur-Loire (43120),Alerte renforcée,zone : LOIRE AVAL (eaux superficielles)<br>arrêté valable du 17/09/2022 au 31/10/2022
Monistrol-sur-Loire (43120),Alerte,zone : LOIRE (lit mineur + 100m) (eaux superficielles)<br>arrêté valable du 17/09/2022 au 31/10/2022
Monlet (43270),Alerte,zone : BORNE (eaux superficielles)<br>arrêté valable du 17/09/2022 au 31/10/2022
Montclard (43230),Alerte renforcée,zone : ALLIER AVAL (eaux superficielles)<br>arrêté valable du 17/09/2022 au 31/10/2022
Montfaucon-en-Velay (43290),Alerte,zone : HAUT-LIGNON (eaux superficielles)<br>arrêté valable du 17/09/2022 au 31/10/2022
Montfaucon-en-Velay (43290),Alerte,zone : LOIRE MOYENNE RIVE DROITE (eaux superficielles)<br>arrêté valable du 17/09/2022 au 31/10/2022
Montregard (43290),Alerte,zone : HAUT-LIGNON (eaux superficielles)<br>arrêté valable du 17/09/2022 au 31/10/2022
Montusclat (43260),Alerte renforcée,zone : LOIRE AMONT (eaux superficielles)<br>arrêté valable du 17/09/2022 au 31/10/2022
Montusclat (43260),Alerte,zone : LOIRE MOYENNE RIVE DROITE (eaux superficielles)<br>arrêté valable du 17/09/2022 au 31/10/2022
Moudeyres (43150),Alerte renforcée,zone : LOIRE AMONT (eaux superficielles)<br>arrêté valable du 17/09/2022 au 31/10/2022
Mézères (43800),Alerte,zone : LOIRE MOYENNE RIVE DROITE (eaux superficielles)<br>arrêté valable du 17/09/2022 au 31/10/2022
Ouides (43510),Alerte renforcée,zone : ALLIER AMONT (eaux superficielles)<br>arrêté valable du 17/09/2022 au 31/10/2022
Paulhac (43100),Alerte renforcée,zone : ALLIER AVAL (eaux superficielles)<br>arrêté valable du 17/09/2022 au 31/10/2022
Paulhaguet (43230),Alerte renforcée,zone : ALLIER AVAL (eaux superficielles)<br>arrêté valable du 17/09/2022 au 31/10/2022
Pinols (43300),Alerte renforcée,zone : ALLIER MOYEN (eaux superficielles)<br>arrêté valable du 17/09/2022 au 31/10/2022
Polignac (43000),Alerte,zone : BORNE (eaux superficielles)<br>arrêté valable du 17/09/2022 au 31/10/2022
Polignac (43000),Alerte,zone : LOIRE (lit mineur + 100m) (eaux superficielles)<br>arrêté valable du 17/09/2022 au 31/10/2022
Pont-Salomon (43330),Alerte renforcée,zone : LOIRE AVAL (eaux superficielles)<br>arrêté valable du 17/09/2022 au 31/10/2022
Pradelles (43420),Alerte renforcée,zone : ALLIER AMONT (eaux superficielles)<br>arrêté valable du 17/09/2022 au 31/10/2022
Prades (43300),Alerte renforcée,zone : ALLIER AMONT (eaux superficielles)<br>arrêté valable du 17/09/2022 au 31/10/2022
Prades (43300),Alerte,zone : ALLIER (lit mineur + 100m) (eaux superficielles)<br>arrêté valable du 17/09/2022 au 31/10/2022
Présailles (43150),Alerte renforcée,zone : LOIRE AMONT (eaux superficielles)<br>arrêté valable du 17/09/2022 au 31/10/2022
Pébrac (43300),Alerte renforcée,zone : ALLIER AMONT (eaux superficielles)<br>arrêté valable du 17/09/2022 au 31/10/2022
Pébrac (43300),Alerte renforcée,zone : ALLIER MOYEN (eaux superficielles)<br>arrêté valable du 17/09/2022 au 31/10/2022
Queyrières (43260),Alerte,zone : LOIRE MOYENNE RIVE DROITE (eaux superficielles)<br>arrêté valable du 17/09/2022 au 31/10/2022
Raucoules (43290),Alerte,zone : LOIRE MOYENNE RIVE DROITE (eaux superficielles)<br>arrêté valable du 17/09/2022 au 31/10/2022
Rauret (43340),Alerte renforcée,zone : ALLIER AMONT (eaux superficielles)<br>arrêté valable du 17/09/2022 au 31/10/2022
Rauret (43340),Alerte,zone : ALLIER (lit mineur + 100m) (eaux superficielles)<br>arrêté valable du 17/09/2022 au 31/10/2022
Retournac (43130),Alerte,zone : LOIRE (lit mineur + 100m) (eaux superficielles)<br>arrêté valable du 17/09/2022 au 31/10/2022
Retournac (43130),Alerte,zone : LOIRE MOYENNE RIVE DROITE (eaux superficielles)<br>arrêté valable du 17/09/2022 au 31/10/2022
Retournac (43130),Alerte renforcée,zone : LOIRE MOYENNE RIVE GAUCHE (eaux superficielles)<br>arrêté valable du 17/09/2022 au 31/10/2022
Riotord (43220),Alerte,zone : LOIRE MOYENNE RIVE DROITE (eaux superficielles)<br>arrêté valable du 17/09/2022 au 31/10/2022
Roche-en-Régnier (43810),Alerte renforcée,zone : LOIRE MOYENNE RIVE GAUCHE (eaux superficielles)<br>arrêté valable du 17/09/2022 au 31/10/2022
Rosières (43800),Alerte,zone : LOIRE MOYENNE RIVE DROITE (eaux superficielles)<br>arrêté valable du 17/09/2022 au 31/10/2022
Saint-André-de-Chalencon (43130),Alerte renforcée,zone : LOIRE MOYENNE RIVE GAUCHE (eaux superficielles)<br>arrêté valable du 17/09/2022 au 31/10/2022
Saint-Arcons-d'Allier (43300),Alerte,zone : ALLIER (lit mineur + 100m) (eaux superficielles)<br>arrêté valable du 17/09/2022 au 31/10/2022
Saint-Arcons-d'Allier (43300),Alerte renforcée,zone : ALLIER MOYEN (eaux superficielles)<br>arrêté valable du 17/09/2022 au 31/10/2022
Saint-Arcons-de-Barges (43420),Alerte renforcée,zone : LOIRE AMONT (eaux superficielles)<br>arrêté valable du 17/09/2022 au 31/10/2022
Saint-Austremoine (43380),Alerte renforcée,zone : ALLIER MOYEN (eaux superficielles)<br>arrêté valable du 17/09/2022 au 31/10/2022
Saint-Beauzire (43100),Alerte renforcée,zone : ALAGNON (eaux superficielles)<br>arrêté valable du 17/09/2022 au 31/10/2022
Saint-Beauzire (43100),Alerte renforcée,zone : ALLIER AVAL (eaux superficielles)<br>arrêté valable du 17/09/2022 au 31/10/2022
Saint-Bonnet-le-Froid (43290),Alerte,zone : LOIRE MOYENNE RIVE DROITE (eaux superficielles)<br>arrêté valable du 17/09/2022 au 31/10/2022
Saint-Bérain (43300),Alerte renforcée,zone : ALLIER AMONT (eaux superficielles)<br>arrêté valable du 17/09/2022 au 31/10/2022
Saint-Bérain (43300),Alerte,zone : ALLIER (lit mineur + 100m) (eaux superficielles)<br>arrêté valable du 17/09/2022 au 31/10/2022
Saint-Bérain (43300),Alerte renforcée,zone : ALLIER MOYEN (eaux superficielles)<br>arrêté valable du 17/09/2022 au 31/10/2022
Saint-Christophe-d'Allier (43340),Alerte renforcée,zone : ALLIER AMONT (eaux superficielles)<br>arrêté valable du 17/09/2022 au 31/10/2022
Saint-Christophe-d'Allier (43340),Alerte,zone : ALLIER (lit mineur + 100m) (eaux superficielles)<br>arrêté valable du 17/09/2022 au 31/10/2022
Saint-Christophe-sur-Dolaison (43370),Alerte renforcée,zone : LOIRE AMONT (eaux superficielles)<br>arrêté valable du 17/09/2022 au 31/10/2022
Saint-Cirgues (43380),Alerte,zone : ALLIER (lit mineur + 100m) (eaux superficielles)<br>arrêté valable du 17/09/2022 au 31/10/2022
Saint-Cirgues (43380),Alerte renforcée,zone : ALLIER MOYEN (eaux superficielles)<br>arrêté valable du 17/09/2022 au 31/10/2022
Saint-Didier-en-Velay (43140),Alerte renforcée,zone : LOIRE AVAL (eaux superficielles)<br>arrêté valable du 17/09/2022 au 31/10/2022
Saint-Didier-sur-Doulon (43440),Alerte renforcée,zone : ALLIER AVAL (eaux superficielles)<br>arrêté valable du 17/09/2022 au 31/10/2022
Saint-Ferréol-d'Auroure (43330),Alerte renforcée,zone : LOIRE AVAL (eaux superficielles)<br>arrêté valable du 17/09/2022 au 31/10/2022
Saint-Front (43550),Alerte renforcée,zone : LOIRE AMONT (eaux superficielles)<br>arrêté valable du 17/09/2022 au 31/10/2022
Saint-Geneys-près-Saint-Paulien (43350),Alerte,zone : BORNE (eaux superficielles)<br>arrêté valable du 17/09/2022 au 31/10/2022
Saint-Georges-Lagricol (43500),Alerte renforcée,zone : LOIRE MOYENNE RIVE GAUCHE (eaux superficielles)<br>arrêté valable du 17/09/2022 au 31/10/2022
Saint-Georges-d'Aurac (43230),Alerte renforcée,zone : ALLIER AVAL (eaux superficielles)<br>arrêté valable du 17/09/2022 au 31/10/2022
Saint-Georges-d'Aurac (43230),Alerte renforcée,zone : ALLIER MOYEN (eaux superficielles)<br>arrêté valable du 17/09/2022 au 31/10/2022
Saint-Germain-Laprade (43700),Alerte renforcée,zone : LOIRE AMONT (eaux superficielles)<br>arrêté valable du 17/09/2022 au 31/10/2022
Saint-Germain-Laprade (43700),Alerte,zone : LOIRE MOYENNE RIVE DROITE (eaux superficielles)<br>arrêté valable du 17/09/2022 au 31/10/2022
Saint-Géron (43360),Alerte renforcée,zone : ALAGNON (eaux superficielles)<br>arrêté valable du 17/09/2022 au 31/10/2022
Saint-Géron (43360),Alerte renforcée,zone : ALLIER AVAL (eaux superficielles)<br>arrêté valable du 17/09/2022 au 31/10/2022
Saint-Haon (43340),Alerte renforcée,zone : ALLIER AMONT (eaux superficielles)<br>arrêté valable du 17/09/2022 au 31/10/2022
Saint-Haon (43340),Alerte,zone : ALLIER (lit mineur + 100m) (eaux superficielles)<br>arrêté valable du 17/09/2022 au 31/10/2022
Saint-Hilaire (43390),Alerte renforcée,zone : ALLIER AVAL (eaux superficielles)<br>arrêté valable du 17/09/2022 au 31/10/2022
Saint-Hostien (43260),Alerte,zone : LOIRE MOYENNE RIVE DROITE (eaux superficielles)<br>arrêté valable du 17/09/2022 au 31/10/2022
Saint-Ilpize (43380),Alerte,zone : ALLIER (lit mineur + 100m) (eaux superficielles)<br>arrêté valable du 17/09/2022 au 31/10/2022
Saint-Ilpize (43380),Alerte renforcée,zone : ALLIER MOYEN (eaux superficielles)<br>arrêté valable du 17/09/2022 au 31/10/2022
Saint-Jean-Lachalm (43510),Alerte renforcée,zone : ALLIER AMONT (eaux superficielles)<br>arrêté valable du 17/09/2022 au 31/10/2022
Saint-Jean-d'Aubrigoux (43500),Alerte renforcée,zone : LOIRE MOYENNE RIVE GAUCHE (eaux superficielles)<br>arrêté valable du 17/09/2022 au 31/10/2022
Saint-Jean-de-Nay (43320),Alerte,zone : BORNE (eaux superficielles)<br>arrêté valable du 17/09/2022 au 31/10/2022
Saint-Jeures (43200),Alerte,zone : HAUT-LIGNON (eaux superficielles)<br>arrêté valable du 17/09/2022 au 31/10/2022
Saint-Jeures (43200),Alerte,zone : LOIRE MOYENNE RIVE DROITE (eaux superficielles)<br>arrêté valable du 17/09/2022 au 31/10/2022
Saint-Julien-Chapteuil (43260),Alerte,zone : LOIRE MOYENNE RIVE DROITE (eaux superficielles)<br>arrêté valable du 17/09/2022 au 31/10/2022
Saint-Julien-Molhesabate (43220),Alerte,zone : LOIRE MOYENNE RIVE DROITE (eaux superficielles)<br>arrêté valable du 17/09/2022 au 31/10/2022
Saint-Julien-d'Ance (43500),Alerte renforcée,zone : LOIRE MOYENNE RIVE GAUCHE (eaux superficielles)<br>arrêté valable du 17/09/2022 au 31/10/2022
Saint-Julien-des-Chazes (43300),Alerte renforcée,zone : ALLIER AMONT (eaux superficielles)<br>arrêté valable du 17/09/2022 au 31/10/2022
Saint-Julien-des-Chazes (43300),Alerte,zone : ALLIER (lit mineur + 100m) (eaux superficielles)<br>arrêté valable du 17/09/2022 au 31/10/2022
Saint-Julien-des-Chazes (43300),Alerte renforcée,zone : ALLIER MOYEN (eaux superficielles)<br>arrêté valable du 17/09/2022 au 31/10/2022
Saint-Julien-du-Pinet (43200),Alerte,zone : LOIRE MOYENNE RIVE DROITE (eaux superficielles)<br>arrêté valable du 17/09/2022 au 31/10/2022
Saint-Just-Malmont (43240),Alerte renforcée,zone : LOIRE AVAL (eaux superficielles)<br>arrêté valable du 17/09/2022 au 31/10/2022
Saint-Just-près-Brioude (43100),Alerte renforcée,zone : ALLIER MOYEN (eaux superficielles)<br>arrêté valable du 17/09/2022 au 31/10/2022
Saint-Laurent-Chabreuges (43100),Alerte renforcée,zone : ALLIER AVAL (eaux superficielles)<br>arrêté valable du 17/09/2022 au 31/10/2022
Saint-Laurent-Chabreuges (43100),Alerte renforcée,zone : ALLIER MOYEN (eaux superficielles)<br>arrêté valable du 17/09/2022 au 31/10/2022
Saint-Martin-de-Fugères (43150),Alerte renforcée,zone : LOIRE AMONT (eaux superficielles)<br>arrêté valable du 17/09/2022 au 31/10/2022
Saint-Martin-de-Fugères (43150),Alerte,zone : LOIRE (lit mineur + 100m) (eaux superficielles)<br>arrêté valable du 17/09/2022 au 31/10/2022
Saint-Maurice-de-Lignon (43200),Alerte,zone : LOIRE MOYENNE RIVE DROITE (eaux superficielles)<br>arrêté valable du 17/09/2022 au 31/10/2022
Saint-Pal-de-Chalencon (43500),Alerte renforcée,zone : LOIRE MOYENNE RIVE GAUCHE (eaux superficielles)<br>arrêté valable du 17/09/2022 au 31/10/2022
Saint-Pal-de-Mons (43620),Alerte,zone : LOIRE MOYENNE RIVE DROITE (eaux superficielles)<br>arrêté valable du 17/09/2022 au 31/10/2022
Saint-Pal-de-Senouire (43160),Alerte renforcée,zone : ALLIER AVAL (eaux superficielles)<br>arrêté valable du 17/09/2022 au 31/10/2022
Saint-Pal-de-Senouire (43160),Alerte,zone : BORNE (eaux superficielles)<br>arrêté valable du 17/09/2022 au 31/10/2022
Saint-Paul-de-Tartas (43420),Alerte renforcée,zone : LOIRE AMONT (eaux superficielles)<br>arrêté valable du 17/09/2022 au 31/10/2022
Saint-Paulien (43350),Alerte,zone : BORNE (eaux superficielles)<br>arrêté valable du 17/09/2022 au 31/10/2022
Saint-Pierre-Eynac (43260),Alerte,zone : LOIRE MOYENNE RIVE DROITE (eaux superficielles)<br>arrêté valable du 17/09/2022 au 31/10/2022
Saint-Pierre-du-Champ (43810),Alerte renforcée,zone : LOIRE MOYENNE RIVE GAUCHE (eaux superficielles)<br>arrêté valable du 17/09/2022 au 31/10/2022
Saint-Privat-d'Allier (43580),Alerte renforcée,zone : ALLIER AMONT (eaux superficielles)<br>arrêté valable du 17/09/2022 au 31/10/2022
Saint-Privat-d'Allier (43580),Alerte,zone : ALLIER (lit mineur + 100m) (eaux superficielles)<br>arrêté valable du 17/09/2022 au 31/10/2022
Saint-Privat-du-Dragon (43380),Alerte renforcée,zone : ALLIER MOYEN (eaux superficielles)<br>arrêté valable du 17/09/2022 au 31/10/2022
Saint-Préjet-Armandon (43230),Alerte renforcée,zone : ALLIER AVAL (eaux superficielles)<br>arrêté valable du 17/09/2022 au 31/10/2022
Saint-Préjet-d'Allier (43580),Alerte renforcée,zone : ALLIER AMONT (eaux superficielles)<br>arrêté valable du 17/09/2022 au 31/10/2022
Saint-Romain-Lachalm (43620),Alerte renforcée,zone : LOIRE AVAL (eaux superficielles)<br>arrêté valable du 17/09/2022 au 31/10/2022
Saint-Romain-Lachalm (43620),Alerte,zone : LOIRE MOYENNE RIVE DROITE (eaux superficielles)<br>arrêté valable du 17/09/2022 au 31/10/2022
Saint-Vert (43440),Alerte renforcée,zone : ALLIER AVAL (eaux superficielles)<br>arrêté valable du 17/09/2022 au 31/10/2022
Saint-Victor-Malescours (43140),Alerte renforcée,zone : LOIRE AVAL (eaux superficielles)<br>arrêté valable du 17/09/2022 au 31/10/2022
Saint-Victor-sur-Arlanc (43500),Alerte renforcée,zone : DORETTE (eaux superficielles)<br>arrêté valable du 17/09/2022 au 31/10/2022
Saint-Victor-sur-Arlanc (43500),Alerte renforcée,zone : LOIRE MOYENNE RIVE GAUCHE (eaux superficielles)<br>arrêté valable du 17/09/2022 au 31/10/2022
Saint-Vidal (43320),Alerte,zone : BORNE (eaux superficielles)<br>arrêté valable du 17/09/2022 au 31/10/2022
Saint-Vincent (43800),Alerte,zone : LOIRE (lit mineur + 100m) (eaux superficielles)<br>arrêté valable du 17/09/2022 au 31/10/2022
Saint-Vincent (43800),Alerte renforcée,zone : LOIRE MOYENNE RIVE GAUCHE (eaux superficielles)<br>arrêté valable du 17/09/2022 au 31/10/2022
Saint-Vénérand (43580),Alerte renforcée,zone : ALLIER AMONT (eaux superficielles)<br>arrêté valable du 17/09/2022 au 31/10/2022
Saint-Vénérand (43580),Alerte,zone : ALLIER (lit mineur + 100m) (eaux superficielles)<br>arrêté valable du 17/09/2022 au 31/10/2022
Saint-Étienne-Lardeyrol (43260),Alerte,zone : LOIRE MOYENNE RIVE DROITE (eaux superficielles)<br>arrêté valable du 17/09/2022 au 31/10/2022
Saint-Étienne-du-Vigan (43420),Alerte renforcée,zone : ALLIER AMONT (eaux superficielles)<br>arrêté valable du 17/09/2022 au 31/10/2022
Saint-Étienne-du-Vigan (43420),Alerte,zone : ALLIER (lit mineur + 100m) (eaux superficielles)<br>arrêté valable du 17/09/2022 au 31/10/2022
Saint-Étienne-sur-Blesle (43450),Alerte renforcée,zone : ALAGNON (eaux superficielles)<br>arrêté valable du 17/09/2022 au 31/10/2022
Sainte-Eugénie-de-Villeneuve (43230),Alerte renforcée,zone : ALLIER AVAL (eaux superficielles)<br>arrêté valable du 17/09/2022 au 31/10/2022
Sainte-Eugénie-de-Villeneuve (43230),Alerte renforcée,zone : ALLIER MOYEN (eaux superficielles)<br>arrêté valable du 17/09/2022 au 31/10/2022
Sainte-Florine (43250),Alerte renforcée,zone : ALLIER AVAL (eaux superficielles)<br>arrêté valable du 17/09/2022 au 31/10/2022
Sainte-Marguerite (43230),Alerte renforcée,zone : ALLIER AVAL (eaux superficielles)<br>arrêté valable du 17/09/2022 au 31/10/2022
Sainte-Sigolène (43600),Alerte,zone : LOIRE MOYENNE RIVE DROITE (eaux superficielles)<br>arrêté valable du 17/09/2022 au 31/10/2022
Salettes (43150),Alerte renforcée,zone : LOIRE AMONT (eaux superficielles)<br>arrêté valable du 17/09/2022 au 31/10/2022
Salettes (43150),Alerte,zone : LOIRE (lit mineur + 100m) (eaux superficielles)<br>arrêté valable du 17/09/2022 au 31/10/2022
Salzuit (43230),Alerte renforcée,zone : ALLIER AVAL (eaux superficielles)<br>arrêté valable du 17/09/2022 au 31/10/2022
Salzuit (43230),Alerte renforcée,zone : ALLIER MOYEN (eaux superficielles)<br>arrêté valable du 17/09/2022 au 31/10/2022
Sanssac-l'Église (43320),Alerte,zone : BORNE (eaux superficielles)<br>arrêté valable du 17/09/2022 au 31/10/2022
Saugues (43170),Alerte renforcée,zone : ALLIER AMONT (eaux superficielles)<br>arrêté valable du 17/09/2022 au 31/10/2022
Sembadel (43160),Alerte renforcée,zone : ALLIER AVAL (eaux superficielles)<br>arrêté valable du 17/09/2022 au 31/10/2022
Siaugues-Sainte-Marie (43300),Alerte renforcée,zone : ALLIER MOYEN (eaux superficielles)<br>arrêté valable du 17/09/2022 au 31/10/2022
Solignac-sous-Roche (43130),Alerte renforcée,zone : LOIRE MOYENNE RIVE GAUCHE (eaux superficielles)<br>arrêté valable du 17/09/2022 au 31/10/2022
Solignac-sur-Loire (43370),Alerte renforcée,zone : LOIRE AMONT (eaux superficielles)<br>arrêté valable du 17/09/2022 au 31/10/2022
Solignac-sur-Loire (43370),Alerte,zone : LOIRE (lit mineur + 100m) (eaux superficielles)<br>arrêté valable du 17/09/2022 au 31/10/2022
Séneujols (43510),Alerte renforcée,zone : LOIRE AMONT (eaux superficielles)<br>arrêté valable du 17/09/2022 au 31/10/2022
Tailhac (43300),Alerte renforcée,zone : ALLIER MOYEN (eaux superficielles)<br>arrêté valable du 17/09/2022 au 31/10/2022
Tence (43190),Alerte,zone : HAUT-LIGNON (eaux superficielles)<br>arrêté valable du 17/09/2022 au 31/10/2022
"Thoras (43580, 43170)",Alerte renforcée,zone : ALLIER AMONT (eaux superficielles)<br>arrêté valable du 17/09/2022 au 31/10/2022
Tiranges (43530),Alerte renforcée,zone : LOIRE MOYENNE RIVE GAUCHE (eaux superficielles)<br>arrêté valable du 17/09/2022 au 31/10/2022
Torsiac (43450),Alerte renforcée,zone : ALAGNON (eaux superficielles)<br>arrêté valable du 17/09/2022 au 31/10/2022
Valprivas (43210),Alerte renforcée,zone : LOIRE AVAL (eaux superficielles)<br>arrêté valable du 17/09/2022 au 31/10/2022
Valprivas (43210),Alerte renforcée,zone : LOIRE MOYENNE RIVE GAUCHE (eaux superficielles)<br>arrêté valable du 17/09/2022 au 31/10/2022
Vals-le-Chastel (43230),Alerte renforcée,zone : ALLIER AVAL (eaux superficielles)<br>arrêté valable du 17/09/2022 au 31/10/2022
Vals-près-le-Puy (43750),Alerte,zone : BORNE (eaux superficielles)<br>arrêté valable du 17/09/2022 au 31/10/2022
Vals-près-le-Puy (43750),Alerte renforcée,zone : LOIRE AMONT (eaux superficielles)<br>arrêté valable du 17/09/2022 au 31/10/2022
Varennes-Saint-Honorat (43270),Alerte renforcée,zone : ALLIER AVAL (eaux superficielles)<br>arrêté valable du 17/09/2022 au 31/10/2022
Varennes-Saint-Honorat (43270),Alerte,zone : BORNE (eaux superficielles)<br>arrêté valable du 17/09/2022 au 31/10/2022
Vazeilles-Limandre (43320),Alerte,zone : BORNE (eaux superficielles)<br>arrêté valable du 17/09/2022 au 31/10/2022
Venteuges (43170),Alerte renforcée,zone : ALLIER AMONT (eaux superficielles)<br>arrêté valable du 17/09/2022 au 31/10/2022
Venteuges (43170),Alerte renforcée,zone : ALLIER MOYEN (eaux superficielles)<br>arrêté valable du 17/09/2022 au 31/10/2022
Vergezac (43320),Alerte,zone : BORNE (eaux superficielles)<br>arrêté valable du 17/09/2022 au 31/10/2022
Vergongheon (43360),Alerte renforcée,zone : ALLIER AVAL (eaux superficielles)<br>arrêté valable du 17/09/2022 au 31/10/2022
Vernassal (43270),Alerte,zone : BORNE (eaux superficielles)<br>arrêté valable du 17/09/2022 au 31/10/2022
Vieille-Brioude (43100),Alerte renforcée,zone : ALLIER AVAL (eaux superficielles)<br>arrêté valable du 17/09/2022 au 31/10/2022
Vieille-Brioude (43100),Alerte,zone : ALLIER (lit mineur + 100m) (eaux superficielles)<br>arrêté valable du 17/09/2022 au 31/10/2022
Vieille-Brioude (43100),Alerte renforcée,zone : ALLIER MOYEN (eaux superficielles)<br>arrêté valable du 17/09/2022 au 31/10/2022
Vielprat (43490),Alerte renforcée,zone : LOIRE AMONT (eaux superficielles)<br>arrêté valable du 17/09/2022 au 31/10/2022
Vielprat (43490),Alerte,zone : LOIRE (lit mineur + 100m) (eaux superficielles)<br>arrêté valable du 17/09/2022 au 31/10/2022
Villeneuve-d'Allier (43380),Alerte,zone : ALLIER (lit mineur + 100m) (eaux superficielles)<br>arrêté valable du 17/09/2022 au 31/10/2022
Villeneuve-d'Allier (43380),Alerte renforcée,zone : ALLIER MOYEN (eaux superficielles)<br>arrêté valable du 17/09/2022 au 31/10/2022
Vissac-Auteyrac (43300),Alerte renforcée,zone : ALLIER MOYEN (eaux superficielles)<br>arrêté valable du 17/09/2022 au 31/10/2022
Vorey (43800),Alerte,zone : BORNE (eaux superficielles)<br>arrêté valable du 17/09/2022 au 31/10/2022
Vorey (43800),Alerte,zone : LOIRE (lit mineur + 100m) (eaux superficielles)<br>arrêté valable du 17/09/2022 au 31/10/2022
Vorey (43800),Alerte,zone : LOIRE MOYENNE RIVE DROITE (eaux superficielles)<br>arrêté valable du 17/09/2022 au 31/10/2022
Vorey (43800),Alerte renforcée,zone : LOIRE MOYENNE RIVE GAUCHE (eaux superficielles)<br>arrêté valable du 17/09/2022 au 31/10/2022
Vézézoux (43390),Alerte renforcée,zone : ALLIER AVAL (eaux superficielles)<br>arrêté valable du 17/09/2022 au 31/10/2022
Vézézoux (43390),Alerte,zone : ALLIER (lit mineur + 100m) (eaux superficielles)<br>arrêté valable du 17/09/2022 au 31/10/2022
Yssingeaux (43200),Alerte,zone : LOIRE MOYENNE RIVE DROITE (eaux superficielles)<br>arrêté valable du 17/09/2022 au 31/10/2022
Aigueperse (63260),Alerte renforcée,zone : Allier aval (eaux superficielles)<br>arrêté valable du 23/09/2022 au 31/10/2022
Aix-la-Fayette (63980),Alerte renforcée,zone : Allier rive droite (eaux superficielles)<br>arrêté valable du 23/09/2022 au 31/10/2022
Aix-la-Fayette (63980),Alerte renforcée,zone : Dore (eaux superficielles)<br>arrêté valable du 23/09/2022 au 31/10/2022
Ambert (63600),Alerte renforcée,zone : Dore (eaux superficielles)<br>arrêté valable du 23/09/2022 au 31/10/2022
Antoingt (63340),Vigilance,zone : Allier rive gauche amont (eaux superficielles)<br>arrêté valable du 23/09/2022 au 31/10/2022
Anzat-le-Luguet (63420),Crise,zone : Alagnon (eaux superficielles)<br>arrêté valable du 23/09/2022 au 31/10/2022
Anzat-le-Luguet (63420),Vigilance,zone : Allier rive gauche amont (eaux superficielles)<br>arrêté valable du 23/09/2022 au 31/10/2022
Anzat-le-Luguet (63420),Alerte renforcée,zone : Dordogne amont (eaux superficielles)<br>arrêté valable du 23/09/2022 au 31/10/2022
Apchat (63420),Crise,zone : Alagnon (eaux superficielles)<br>arrêté valable du 23/09/2022 au 31/10/2022
Apchat (63420),Vigilance,zone : Allier rive gauche amont (eaux superficielles)<br>arrêté valable du 23/09/2022 au 31/10/2022
Arconsat (63250),Alerte renforcée,zone : Dore (eaux superficielles)<br>arrêté valable du 23/09/2022 au 31/10/2022
Ardes (63420),Crise,zone : Alagnon (eaux superficielles)<br>arrêté valable du 23/09/2022 au 31/10/2022
Ardes (63420),Vigilance,zone : Allier rive gauche amont (eaux superficielles)<br>arrêté valable du 23/09/2022 au 31/10/2022
Arlanc (63220),Alerte renforcée,zone : Dore (eaux superficielles)<br>arrêté valable du 23/09/2022 au 31/10/2022
Ars-les-Favets (63700),Crise,zone : Cher amont (eaux superficielles)<br>arrêté valable du 23/09/2022 au 31/10/2022
Artonne (63460),Alerte renforcée,zone : Allier aval (eaux superficielles)<br>arrêté valable du 23/09/2022 au 31/10/2022
Artonne (63460),Vigilance,zone : Morge (eaux superficielles)<br>arrêté valable du 23/09/2022 au 31/10/2022
Aubiat (63260),Alerte renforcée,zone : Allier aval (eaux superficielles)<br>arrêté valable du 23/09/2022 au 31/10/2022
Aubiat (63260),Vigilance,zone : Morge (eaux superficielles)<br>arrêté valable du 23/09/2022 au 31/10/2022
Aubière (63170),Vigilance,zone : Allier rive gauche moyen (eaux superficielles)<br>arrêté valable du 23/09/2022 au 31/10/2022
Aubusson-d'Auvergne (63120),Alerte renforcée,zone : Dore (eaux superficielles)<br>arrêté valable du 23/09/2022 au 31/10/2022
Augerolles (63930),Alerte renforcée,zone : Dore (eaux superficielles)<br>arrêté valable du 23/09/2022 au 31/10/2022
Augnat (63340),Vigilance,zone : Allier rive gauche amont (eaux superficielles)<br>arrêté valable du 23/09/2022 au 31/10/2022
Aulhat-Flat (63500),Alerte renforcée,zone : Allier rive droite (eaux superficielles)<br>arrêté valable du 23/09/2022 au 31/10/2022
Aulnat (63510),Vigilance,zone : Allier rive gauche moyen (eaux superficielles)<br>arrêté valable du 23/09/2022 au 31/10/2022
Aurières (63210),Vigilance,zone : Allier rive gauche amont (eaux superficielles)<br>arrêté valable du 23/09/2022 au 31/10/2022
Authezat (63114),Vigilance,zone : Allier rive gauche amont (eaux superficielles)<br>arrêté valable du 23/09/2022 au 31/10/2022
Authezat (63114),Alerte,zone : Axe Allier (eaux superficielles)<br>arrêté valable du 23/09/2022 au 31/10/2022
Auzat-la-Combelle (63570),Crise,zone : Alagnon (eaux superficielles)<br>arrêté valable du 23/09/2022 au 31/10/2022
Auzat-la-Combelle (63570),Alerte renforcée,zone : Allier rive droite (eaux superficielles)<br>arrêté valable du 23/09/2022 au 31/10/2022
Auzat-la-Combelle (63570),Vigilance,zone : Allier rive gauche amont (eaux superficielles)<br>arrêté valable du 23/09/2022 au 31/10/2022
Auzat-la-Combelle (63570),Alerte,zone : Axe Allier (eaux superficielles)<br>arrêté valable du 23/09/2022 au 31/10/2022
Auzelles (63590),Alerte renforcée,zone : Allier rive droite (eaux superficielles)<br>arrêté valable du 23/09/2022 au 31/10/2022
Auzelles (63590),Alerte renforcée,zone : Dore (eaux superficielles)<br>arrêté valable du 23/09/2022 au 31/10/2022
Avèze (63690),Alerte renforcée,zone : Dordogne amont (eaux superficielles)<br>arrêté valable du 23/09/2022 au 31/10/2022
Aydat (63970),Vigilance,zone : Allier rive gauche amont (eaux superficielles)<br>arrêté valable du 23/09/2022 au 31/10/2022
Baffie (63600),Alerte renforcée,zone : Ance (eaux superficielles)<br>arrêté valable du 23/09/2022 au 31/10/2022
Baffie (63600),Alerte renforcée,zone : Dore (eaux superficielles)<br>arrêté valable du 23/09/2022 au 31/10/2022
Bagnols (63810),Alerte renforcée,zone : Dordogne amont (eaux superficielles)<br>arrêté valable du 23/09/2022 au 31/10/2022
Bansat (63570),Alerte renforcée,zone : Allier rive droite (eaux superficielles)<br>arrêté valable du 23/09/2022 au 31/10/2022
Bas-et-Lezat (63310),Alerte renforcée,zone : Allier aval (eaux superficielles)<br>arrêté valable du 23/09/2022 au 31/10/2022
Beaulieu (63570),Crise,zone : Alagnon (eaux superficielles)<br>arrêté valable du 23/09/2022 au 31/10/2022
Beaulieu (63570),Vigilance,zone : Allier rive gauche amont (eaux superficielles)<br>arrêté valable du 23/09/2022 au 31/10/2022
Beaulieu (63570),Alerte,zone : Axe Allier (eaux superficielles)<br>arrêté valable du 23/09/2022 au 31/10/2022
Beaumont (63110),Vigilance,zone : Allier rive gauche moyen (eaux superficielles)<br>arrêté valable du 23/09/2022 au 31/10/2022
Beaumont-lès-Randan (63310),Alerte renforcée,zone : Allier aval (eaux superficielles)<br>arrêté valable du 23/09/2022 au 31/10/2022
Beauregard-Vendon (63460),Vigilance,zone : Morge (eaux superficielles)<br>arrêté valable du 23/09/2022 au 31/10/2022
Beauregard-l'Évêque (63116),Alerte renforcée,zone : Allier rive droite (eaux superficielles)<br>arrêté valable du 23/09/2022 au 31/10/2022
Beauregard-l'Évêque (63116),Alerte,zone : Axe Allier (eaux superficielles)<br>arrêté valable du 23/09/2022 au 31/10/2022
Bergonne (63500),Vigilance,zone : Allier rive gauche amont (eaux superficielles)<br>arrêté valable du 23/09/2022 au 31/10/2022
Bertignat (63480),Alerte renforcée,zone : Dore (eaux superficielles)<br>arrêté valable du 23/09/2022 au 31/10/2022
Besse-et-Saint-Anastaise (63610),Vigilance,zone : Allier rive gauche amont (eaux superficielles)<br>arrêté valable du 23/09/2022 au 31/10/2022
Besse-et-Saint-Anastaise (63610),Alerte renforcée,zone : Dordogne amont (eaux superficielles)<br>arrêté valable du 23/09/2022 au 31/10/2022
Beurières (63220),Alerte renforcée,zone : Dore (eaux superficielles)<br>arrêté valable du 23/09/2022 au 31/10/2022
Billom (63160),Alerte renforcée,zone : Allier rive droite (eaux superficielles)<br>arrêté valable du 23/09/2022 au 31/10/2022
Biollet (63640),Crise,zone : Cher amont (eaux superficielles)<br>arrêté valable du 23/09/2022 au 31/10/2022
Blanzat (63112),Vigilance,zone : Allier rive gauche moyen (eaux superficielles)<br>arrêté valable du 23/09/2022 au 31/10/2022
Blot-l'Église (63440),Vigilance,zone : Morge (eaux superficielles)<br>arrêté valable du 23/09/2022 au 31/10/2022
Bongheat (63160),Alerte renforcée,zone : Allier rive droite (eaux superficielles)<br>arrêté valable du 23/09/2022 au 31/10/2022
Bort-l'Étang (63190),Alerte renforcée,zone : Allier rive droite (eaux superficielles)<br>arrêté valable du 23/09/2022 au 31/10/2022
Bort-l'Étang (63190),Alerte renforcée,zone : Dore (eaux superficielles)<br>arrêté valable du 23/09/2022 au 31/10/2022
Boudes (63340),Vigilance,zone : Allier rive gauche amont (eaux superficielles)<br>arrêté valable du 23/09/2022 au 31/10/2022
Bourg-Lastic (63760),Alerte renforcée,zone : Dordogne amont (eaux superficielles)<br>arrêté valable du 23/09/2022 au 31/10/2022
Bouzel (63910),Alerte renforcée,zone : Allier rive droite (eaux superficielles)<br>arrêté valable du 23/09/2022 au 31/10/2022
Brassac-les-Mines (63570),Crise,zone : Alagnon (eaux superficielles)<br>arrêté valable du 23/09/2022 au 31/10/2022
Brassac-les-Mines (63570),Vigilance,zone : Allier rive gauche amont (eaux superficielles)<br>arrêté valable du 23/09/2022 au 31/10/2022
Brassac-les-Mines (63570),Alerte,zone : Axe Allier (eaux superficielles)<br>arrêté valable du 23/09/2022 au 31/10/2022
Brenat (63500),Alerte renforcée,zone : Allier rive droite (eaux superficielles)<br>arrêté valable du 23/09/2022 au 31/10/2022
Briffons (63820),Alerte renforcée,zone : Dordogne amont (eaux superficielles)<br>arrêté valable du 23/09/2022 au 31/10/2022
Brousse (63490),Alerte renforcée,zone : Allier rive droite (eaux superficielles)<br>arrêté valable du 23/09/2022 au 31/10/2022
Brousse (63490),Alerte renforcée,zone : Dore (eaux superficielles)<br>arrêté valable du 23/09/2022 au 31/10/2022
Bulhon (63350),Alerte renforcée,zone : Allier rive droite (eaux superficielles)<br>arrêté valable du 23/09/2022 au 31/10/2022
Bulhon (63350),Alerte renforcée,zone : Dore (eaux superficielles)<br>arrêté valable du 23/09/2022 au 31/10/2022
Bussières (63330),Crise,zone : Cher amont (eaux superficielles)<br>arrêté valable du 23/09/2022 au 31/10/2022
Bussières-et-Pruns (63260),Alerte renforcée,zone : Allier aval (eaux superficielles)<br>arrêté valable du 23/09/2022 au 31/10/2022
Bussières-et-Pruns (63260),Vigilance,zone : Morge (eaux superficielles)<br>arrêté valable du 23/09/2022 au 31/10/2022
Busséol (63270),Alerte renforcée,zone : Allier rive droite (eaux superficielles)<br>arrêté valable du 23/09/2022 au 31/10/2022
Buxières-sous-Montaigut (63700),Crise,zone : Cher amont (eaux superficielles)<br>arrêté valable du 23/09/2022 au 31/10/2022
Ceilloux (63520),Alerte renforcée,zone : Dore (eaux superficielles)<br>arrêté valable du 23/09/2022 au 31/10/2022
Celles-sur-Durolle (63250),Alerte renforcée,zone : Dore (eaux superficielles)<br>arrêté valable du 23/09/2022 au 31/10/2022
Ceyrat (63122),Vigilance,zone : Allier rive gauche moyen (eaux superficielles)<br>arrêté valable du 23/09/2022 au 31/10/2022
Chabreloche (63250),Alerte renforcée,zone : Dore (eaux superficielles)<br>arrêté valable du 23/09/2022 au 31/10/2022
Chadeleuf (63320),Vigilance,zone : Allier rive gauche amont (eaux superficielles)<br>arrêté valable du 23/09/2022 au 31/10/2022
Chalus (63340),Vigilance,zone : Allier rive gauche amont (eaux superficielles)<br>arrêté valable du 23/09/2022 au 31/10/2022
Chamalières (63400),Vigilance,zone : Allier rive gauche moyen (eaux superficielles)<br>arrêté valable du 23/09/2022 au 31/10/2022
Chambaron sur Morge (63200),Vigilance,zone : Allier rive gauche moyen (eaux superficielles)<br>arrêté valable du 23/09/2022 au 31/10/2022
Chambaron sur Morge (63200),Vigilance,zone : Morge (eaux superficielles)<br>arrêté valable du 23/09/2022 au 31/10/2022
Chambon-sur-Dolore (63980),Alerte renforcée,zone : Dore (eaux superficielles)<br>arrêté valable du 23/09/2022 au 31/10/2022
Chambon-sur-Lac (63790),Vigilance,zone : Allier rive gauche amont (eaux superficielles)<br>arrêté valable du 23/09/2022 au 31/10/2022
Chambon-sur-Lac (63790),Alerte renforcée,zone : Dordogne amont (eaux superficielles)<br>arrêté valable du 23/09/2022 au 31/10/2022
Champagnat-le-Jeune (63580),Alerte renforcée,zone : Allier rive droite (eaux superficielles)<br>arrêté valable du 23/09/2022 au 31/10/2022
Champeix (63320),Vigilance,zone : Allier rive gauche amont (eaux superficielles)<br>arrêté valable du 23/09/2022 au 31/10/2022
Champs (63440),Alerte renforcée,zone : Allier aval (eaux superficielles)<br>arrêté valable du 23/09/2022 au 31/10/2022
Champs (63440),Vigilance,zone : Morge (eaux superficielles)<br>arrêté valable du 23/09/2022 au 31/10/2022
Champétières (63600),Alerte renforcée,zone : Dore (eaux superficielles)<br>arrêté valable du 23/09/2022 au 31/10/2022
Chanat-la-Mouteyre (63530),Vigilance,zone : Allier rive gauche moyen (eaux superficielles)<br>arrêté valable du 23/09/2022 au 31/10/2022
Chanonat (63450),Vigilance,zone : Allier rive gauche amont (eaux superficielles)<br>arrêté valable du 23/09/2022 au 31/10/2022
Chappes (63720),Vigilance,zone : Allier rive gauche moyen (eaux superficielles)<br>arrêté valable du 23/09/2022 au 31/10/2022
Chaptuzat (63260),Alerte renforcée,zone : Allier aval (eaux superficielles)<br>arrêté valable du 23/09/2022 au 31/10/2022
Chaptuzat (63260),Vigilance,zone : Morge (eaux superficielles)<br>arrêté valable du 23/09/2022 au 31/10/2022
Charbonnier-les-Mines (63340),Crise,zone : Alagnon (eaux superficielles)<br>arrêté valable du 23/09/2022 au 31/10/2022
Charbonnières-les-Varennes (63410),Vigilance,zone : Allier rive gauche moyen (eaux superficielles)<br>arrêté valable du 23/09/2022 au 31/10/2022
Charbonnières-les-Vieilles (63410),Vigilance,zone : Morge (eaux superficielles)<br>arrêté valable du 23/09/2022 au 31/10/2022
Charensat (63640),Crise,zone : Cher amont (eaux superficielles)<br>arrêté valable du 23/09/2022 au 31/10/2022
Charnat (63290),Alerte renforcée,zone : Allier rive droite (eaux superficielles)<br>arrêté valable du 23/09/2022 au 31/10/2022
Charnat (63290),Alerte,zone : Axe Allier (eaux superficielles)<br>arrêté valable du 23/09/2022 au 31/10/2022
Charnat (63290),Alerte renforcée,zone : Dore (eaux superficielles)<br>arrêté valable du 23/09/2022 au 31/10/2022
Chas (63160),Alerte renforcée,zone : Allier rive droite (eaux superficielles)<br>arrêté valable du 23/09/2022 au 31/10/2022
Chassagne (63320),Vigilance,zone : Allier rive gauche amont (eaux superficielles)<br>arrêté valable du 23/09/2022 au 31/10/2022
Chastreix (63680),Alerte renforcée,zone : Dordogne amont (eaux superficielles)<br>arrêté valable du 23/09/2022 au 31/10/2022
Chaumont-le-Bourg (63220),Alerte renforcée,zone : Dore (eaux superficielles)<br>arrêté valable du 23/09/2022 au 31/10/2022
Chauriat (63117),Alerte renforcée,zone : Allier rive droite (eaux superficielles)<br>arrêté valable du 23/09/2022 au 31/10/2022
Chavaroux (63720),Vigilance,zone : Allier rive gauche moyen (eaux superficielles)<br>arrêté valable du 23/09/2022 au 31/10/2022
Chidrac (63320),Vigilance,zone : Allier rive gauche amont (eaux superficielles)<br>arrêté valable du 23/09/2022 au 31/10/2022
Château-sur-Cher (63330),Crise,zone : Cher amont (eaux superficielles)<br>arrêté valable du 23/09/2022 au 31/10/2022
Châteaugay (63119),Vigilance,zone : Allier rive gauche moyen (eaux superficielles)<br>arrêté valable du 23/09/2022 au 31/10/2022
Châtel-Guyon (63140),Vigilance,zone : Allier rive gauche moyen (eaux superficielles)<br>arrêté valable du 23/09/2022 au 31/10/2022
Châtel-Guyon (63140),Vigilance,zone : Morge (eaux superficielles)<br>arrêté valable du 23/09/2022 au 31/10/2022
Châteldon (63290),Alerte renforcée,zone : Dore (eaux superficielles)<br>arrêté valable du 23/09/2022 au 31/10/2022
Clerlande (63720),Vigilance,zone : Allier rive gauche moyen (eaux superficielles)<br>arrêté valable du 23/09/2022 au 31/10/2022
Clerlande (63720),Vigilance,zone : Morge (eaux superficielles)<br>arrêté valable du 23/09/2022 au 31/10/2022
"Clermont-Ferrand (63100, 63000)",Vigilance,zone : Allier rive gauche moyen (eaux superficielles)<br>arrêté valable du 23/09/2022 au 31/10/2022
Clémensat (63320),Vigilance,zone : Allier rive gauche amont (eaux superficielles)<br>arrêté valable du 23/09/2022 au 31/10/2022
Collanges (63340),Vigilance,zone : Allier rive gauche amont (eaux superficielles)<br>arrêté valable du 23/09/2022 au 31/10/2022
Combronde (63460),Vigilance,zone : Morge (eaux superficielles)<br>arrêté valable du 23/09/2022 au 31/10/2022
Compains (63610),Vigilance,zone : Allier rive gauche amont (eaux superficielles)<br>arrêté valable du 23/09/2022 au 31/10/2022
Compains (63610),Alerte renforcée,zone : Dordogne amont (eaux superficielles)<br>arrêté valable du 23/09/2022 au 31/10/2022
Condat-lès-Montboissier (63490),Alerte renforcée,zone : Allier rive droite (eaux superficielles)<br>arrêté valable du 23/09/2022 au 31/10/2022
Corent (63730),Vigilance,zone : Allier rive gauche amont (eaux superficielles)<br>arrêté valable du 23/09/2022 au 31/10/2022
Corent (63730),Alerte,zone : Axe Allier (eaux superficielles)<br>arrêté valable du 23/09/2022 au 31/10/2022
Coudes (63114),Vigilance,zone : Allier rive gauche amont (eaux superficielles)<br>arrêté valable du 23/09/2022 au 31/10/2022
Coudes (63114),Alerte,zone : Axe Allier (eaux superficielles)<br>arrêté valable du 23/09/2022 au 31/10/2022
Courgoul (63320),Vigilance,zone : Allier rive gauche amont (eaux superficielles)<br>arrêté valable du 23/09/2022 au 31/10/2022
Cournols (63450),Vigilance,zone : Allier rive gauche amont (eaux superficielles)<br>arrêté valable du 23/09/2022 au 31/10/2022
Cournon-d'Auvergne (63800),Vigilance,zone : Allier rive gauche amont (eaux superficielles)<br>arrêté valable du 23/09/2022 au 31/10/2022
Cournon-d'Auvergne (63800),Vigilance,zone : Allier rive gauche moyen (eaux superficielles)<br>arrêté valable du 23/09/2022 au 31/10/2022
Cournon-d'Auvergne (63800),Alerte,zone : Axe Allier (eaux superficielles)<br>arrêté valable du 23/09/2022 au 31/10/2022
Courpière (63120),Alerte renforcée,zone : Dore (eaux superficielles)<br>arrêté valable du 23/09/2022 au 31/10/2022
Crevant-Laveine (63350),Alerte renforcée,zone : Allier rive droite (eaux superficielles)<br>arrêté valable du 23/09/2022 au 31/10/2022
Crevant-Laveine (63350),Alerte,zone : Axe Allier (eaux superficielles)<br>arrêté valable du 23/09/2022 au 31/10/2022
Crevant-Laveine (63350),Alerte renforcée,zone : Dore (eaux superficielles)<br>arrêté valable du 23/09/2022 au 31/10/2022
Cros (63810),Alerte renforcée,zone : Dordogne amont (eaux superficielles)<br>arrêté valable du 23/09/2022 au 31/10/2022
Culhat (63350),Alerte renforcée,zone : Allier rive droite (eaux superficielles)<br>arrêté valable du 23/09/2022 au 31/10/2022
Cunlhat (63590),Alerte renforcée,zone : Dore (eaux superficielles)<br>arrêté valable du 23/09/2022 au 31/10/2022
Cébazat (63118),Vigilance,zone : Allier rive gauche moyen (eaux superficielles)<br>arrêté valable du 23/09/2022 au 31/10/2022
Dauzat-sur-Vodable (63340),Vigilance,zone : Allier rive gauche amont (eaux superficielles)<br>arrêté valable du 23/09/2022 au 31/10/2022
Davayat (63200),Vigilance,zone : Morge (eaux superficielles)<br>arrêté valable du 23/09/2022 au 31/10/2022
Domaize (63520),Alerte renforcée,zone : Dore (eaux superficielles)<br>arrêté valable du 23/09/2022 au 31/10/2022
Doranges (63220),Alerte renforcée,zone : Allier rive droite (eaux superficielles)<br>arrêté valable du 23/09/2022 au 31/10/2022
Doranges (63220),Alerte renforcée,zone : Dore (eaux superficielles)<br>arrêté valable du 23/09/2022 au 31/10/2022
Dorat (63300),Alerte renforcée,zone : Dore (eaux superficielles)<br>arrêté valable du 23/09/2022 au 31/10/2022
Dore-l'Église (63220),Alerte renforcée,zone : Dore (eaux superficielles)<br>arrêté valable du 23/09/2022 au 31/10/2022
Durtol (63830),Vigilance,zone : Allier rive gauche moyen (eaux superficielles)<br>arrêté valable du 23/09/2022 au 31/10/2022
Effiat (63260),Alerte renforcée,zone : Allier aval (eaux superficielles)<br>arrêté valable du 23/09/2022 au 31/10/2022
Ennezat (63720),Vigilance,zone : Allier rive gauche moyen (eaux superficielles)<br>arrêté valable du 23/09/2022 au 31/10/2022
Ennezat (63720),Vigilance,zone : Morge (eaux superficielles)<br>arrêté valable du 23/09/2022 au 31/10/2022
Entraigues (63720),Vigilance,zone : Allier rive gauche moyen (eaux superficielles)<br>arrêté valable du 23/09/2022 au 31/10/2022
Enval (63530),Vigilance,zone : Allier rive gauche moyen (eaux superficielles)<br>arrêté valable du 23/09/2022 au 31/10/2022
Escoutoux (63300),Alerte renforcée,zone : Dore (eaux superficielles)<br>arrêté valable du 23/09/2022 au 31/10/2022
Espinasse (63390),Crise,zone : Cher amont (eaux superficielles)<br>arrêté valable du 23/09/2022 au 31/10/2022
Espinchal (63850),Alerte renforcée,zone : Dordogne amont (eaux superficielles)<br>arrêté valable du 23/09/2022 au 31/10/2022
Espirat (63160),Alerte renforcée,zone : Allier rive droite (eaux superficielles)<br>arrêté valable du 23/09/2022 au 31/10/2022
Estandeuil (63520),Alerte renforcée,zone : Dore (eaux superficielles)<br>arrêté valable du 23/09/2022 au 31/10/2022
Esteil (63570),Alerte renforcée,zone : Allier rive droite (eaux superficielles)<br>arrêté valable du 23/09/2022 au 31/10/2022
Fayet-Ronaye (63630),Alerte renforcée,zone : Allier rive droite (eaux superficielles)<br>arrêté valable du 23/09/2022 au 31/10/2022
Fayet-le-Château (63160),Alerte renforcée,zone : Allier rive droite (eaux superficielles)<br>arrêté valable du 23/09/2022 au 31/10/2022
Fayet-le-Château (63160),Alerte renforcée,zone : Dore (eaux superficielles)<br>arrêté valable du 23/09/2022 au 31/10/2022
Fernoël (63620),Alerte renforcée,zone : Dordogne amont (eaux superficielles)<br>arrêté valable du 23/09/2022 au 31/10/2022
Fournols (63980),Alerte renforcée,zone : Allier rive droite (eaux superficielles)<br>arrêté valable du 23/09/2022 au 31/10/2022
Fournols (63980),Alerte renforcée,zone : Dore (eaux superficielles)<br>arrêté valable du 23/09/2022 au 31/10/2022
Gerzat (63360),Vigilance,zone : Allier rive gauche moyen (eaux superficielles)<br>arrêté valable du 23/09/2022 au 31/10/2022
Giat (63620),Alerte renforcée,zone : Dordogne amont (eaux superficielles)<br>arrêté valable du 23/09/2022 au 31/10/2022
Gignat (63340),Vigilance,zone : Allier rive gauche amont (eaux superficielles)<br>arrêté valable du 23/09/2022 au 31/10/2022
Gimeaux (63200),Vigilance,zone : Morge (eaux superficielles)<br>arrêté valable du 23/09/2022 au 31/10/2022
Glaine-Montaigut (63160),Alerte renforcée,zone : Allier rive droite (eaux superficielles)<br>arrêté valable du 23/09/2022 au 31/10/2022
Gouttières (63390),Crise,zone : Cher amont (eaux superficielles)<br>arrêté valable du 23/09/2022 au 31/10/2022
Grandeyrolles (63320),Vigilance,zone : Allier rive gauche amont (eaux superficielles)<br>arrêté valable du 23/09/2022 au 31/10/2022
Grandrif (63600),Alerte renforcée,zone : Ance (eaux superficielles)<br>arrêté valable du 23/09/2022 au 31/10/2022
Grandrif (63600),Alerte renforcée,zone : Dore (eaux superficielles)<br>arrêté valable du 23/09/2022 au 31/10/2022
Grandval (63890),Alerte renforcée,zone : Dore (eaux superficielles)<br>arrêté valable du 23/09/2022 au 31/10/2022
Isserteaux (63270),Alerte renforcée,zone : Allier rive droite (eaux superficielles)<br>arrêté valable du 23/09/2022 au 31/10/2022
Issoire (63500),Vigilance,zone : Allier rive gauche amont (eaux superficielles)<br>arrêté valable du 23/09/2022 au 31/10/2022
Issoire (63500),Alerte,zone : Axe Allier (eaux superficielles)<br>arrêté valable du 23/09/2022 au 31/10/2022
Job (63990),Alerte renforcée,zone : Dore (eaux superficielles)<br>arrêté valable du 23/09/2022 au 31/10/2022
Joze (63350),Alerte renforcée,zone : Allier rive droite (eaux superficielles)<br>arrêté valable du 23/09/2022 au 31/10/2022
Joze (63350),Vigilance,zone : Allier rive gauche moyen (eaux superficielles)<br>arrêté valable du 23/09/2022 au 31/10/2022
Joze (63350),Alerte,zone : Axe Allier (eaux superficielles)<br>arrêté valable du 23/09/2022 au 31/10/2022
Jozerand (63460),Vigilance,zone : Morge (eaux superficielles)<br>arrêté valable du 23/09/2022 au 31/10/2022
Jumeaux (63570),Alerte renforcée,zone : Allier rive droite (eaux superficielles)<br>arrêté valable du 23/09/2022 au 31/10/2022
Jumeaux (63570),Vigilance,zone : Allier rive gauche amont (eaux superficielles)<br>arrêté valable du 23/09/2022 au 31/10/2022
Jumeaux (63570),Alerte,zone : Axe Allier (eaux superficielles)<br>arrêté valable du 23/09/2022 au 31/10/2022
La Bourboule (63150),Alerte renforcée,zone : Dordogne amont (eaux superficielles)<br>arrêté valable du 23/09/2022 au 31/10/2022
La Cellette (63330),Crise,zone : Cher amont (eaux superficielles)<br>arrêté valable du 23/09/2022 au 31/10/2022
La Chapelle-Agnon (63590),Alerte renforcée,zone : Dore (eaux superficielles)<br>arrêté valable du 23/09/2022 au 31/10/2022
La Chapelle-Marcousse (63420),Vigilance,zone : Allier rive gauche amont (eaux superficielles)<br>arrêté valable du 23/09/2022 au 31/10/2022
La Chapelle-sur-Usson (63580),Alerte renforcée,zone : Allier rive droite (eaux superficielles)<br>arrêté valable du 23/09/2022 au 31/10/2022
La Chaulme (63660),Alerte renforcée,zone : Ance (eaux superficielles)<br>arrêté valable du 23/09/2022 au 31/10/2022
La Crouzille (63700),Crise,zone : Cher amont (eaux superficielles)<br>arrêté valable du 23/09/2022 au 31/10/2022
La Forie (63600),Alerte renforcée,zone : Dore (eaux superficielles)<br>arrêté valable du 23/09/2022 au 31/10/2022
La Godivelle (63850),Vigilance,zone : Allier rive gauche amont (eaux superficielles)<br>arrêté valable du 23/09/2022 au 31/10/2022
La Godivelle (63850),Alerte renforcée,zone : Dordogne amont (eaux superficielles)<br>arrêté valable du 23/09/2022 au 31/10/2022
La Monnerie-le-Montel (63650),Alerte renforcée,zone : Dore (eaux superficielles)<br>arrêté valable du 23/09/2022 au 31/10/2022
La Renaudie (63930),Alerte renforcée,zone : Dore (eaux superficielles)<br>arrêté valable du 23/09/2022 au 31/10/2022
La Roche-Blanche (63670),Vigilance,zone : Allier rive gauche amont (eaux superficielles)<br>arrêté valable du 23/09/2022 au 31/10/2022
La Roche-Blanche (63670),Vigilance,zone : Allier rive gauche moyen (eaux superficielles)<br>arrêté valable du 23/09/2022 au 31/10/2022
La Roche-Noire (63800),Alerte renforcée,zone : Allier rive droite (eaux superficielles)<br>arrêté valable du 23/09/2022 au 31/10/2022
La Roche-Noire (63800),Vigilance,zone : Allier rive gauche amont (eaux superficielles)<br>arrêté valable du 23/09/2022 au 31/10/2022
La Roche-Noire (63800),Alerte,zone : Axe Allier (eaux superficielles)<br>arrêté valable du 23/09/2022 au 31/10/2022
La Sauvetat (63730),Vigilance,zone : Allier rive gauche amont (eaux superficielles)<br>arrêté valable du 23/09/2022 au 31/10/2022
La Tour-d'Auvergne (63680),Alerte renforcée,zone : Dordogne amont (eaux superficielles)<br>arrêté valable du 23/09/2022 au 31/10/2022
Labessette (63690),Alerte renforcée,zone : Dordogne amont (eaux superficielles)<br>arrêté valable du 23/09/2022 au 31/10/2022
Lachaux (63290),Alerte renforcée,zone : Allier aval (eaux superficielles)<br>arrêté valable du 23/09/2022 au 31/10/2022
Lachaux (63290),Alerte renforcée,zone : Dore (eaux superficielles)<br>arrêté valable du 23/09/2022 au 31/10/2022
Lamontgie (63570),Alerte renforcée,zone : Allier rive droite (eaux superficielles)<br>arrêté valable du 23/09/2022 au 31/10/2022
Lapeyrouse (63700),Crise,zone : Cher amont (eaux superficielles)<br>arrêté valable du 23/09/2022 au 31/10/2022
Laps (63270),Alerte renforcée,zone : Allier rive droite (eaux superficielles)<br>arrêté valable du 23/09/2022 au 31/10/2022
Larodde (63690),Alerte renforcée,zone : Dordogne amont (eaux superficielles)<br>arrêté valable du 23/09/2022 au 31/10/2022
Lastic (63760),Alerte renforcée,zone : Dordogne amont (eaux superficielles)<br>arrêté valable du 23/09/2022 au 31/10/2022
Le Breuil-sur-Couze (63340),Vigilance,zone : Allier rive gauche amont (eaux superficielles)<br>arrêté valable du 23/09/2022 au 31/10/2022
Le Breuil-sur-Couze (63340),Alerte,zone : Axe Allier (eaux superficielles)<br>arrêté valable du 23/09/2022 au 31/10/2022
Le Broc (63500),Vigilance,zone : Allier rive gauche amont (eaux superficielles)<br>arrêté valable du 23/09/2022 au 31/10/2022
Le Brugeron (63880),Alerte renforcée,zone : Dore (eaux superficielles)<br>arrêté valable du 23/09/2022 au 31/10/2022
Le Cendre (63670),Vigilance,zone : Allier rive gauche amont (eaux superficielles)<br>arrêté valable du 23/09/2022 au 31/10/2022
Le Cendre (63670),Vigilance,zone : Allier rive gauche moyen (eaux superficielles)<br>arrêté valable du 23/09/2022 au 31/10/2022
Le Cendre (63670),Alerte,zone : Axe Allier (eaux superficielles)<br>arrêté valable du 23/09/2022 au 31/10/2022
Le Cheix (63200),Vigilance,zone : Morge (eaux superficielles)<br>arrêté valable du 23/09/2022 au 31/10/2022
Le Crest (63450),Vigilance,zone : Allier rive gauche amont (eaux superficielles)<br>arrêté valable du 23/09/2022 au 31/10/2022
Le Monestier (63890),Alerte renforcée,zone : Dore (eaux superficielles)<br>arrêté valable du 23/09/2022 au 31/10/2022
Le Quartier (63330),Crise,zone : Cher amont (eaux superficielles)<br>arrêté valable du 23/09/2022 au 31/10/2022
Le Vernet-Chaméane (63580),Alerte renforcée,zone : Allier rive droite (eaux superficielles)<br>arrêté valable du 23/09/2022 au 31/10/2022
Le Vernet-Sainte-Marguerite (63710),Vigilance,zone : Allier rive gauche amont (eaux superficielles)<br>arrêté valable du 23/09/2022 au 31/10/2022
Lempdes (63370),Vigilance,zone : Allier rive gauche moyen (eaux superficielles)<br>arrêté valable du 23/09/2022 au 31/10/2022
Lempty (63190),Alerte renforcée,zone : Allier rive droite (eaux superficielles)<br>arrêté valable du 23/09/2022 au 31/10/2022
Les Martres-d'Artière (63430),Alerte renforcée,zone : Allier rive droite (eaux superficielles)<br>arrêté valable du 23/09/2022 au 31/10/2022
Les Martres-d'Artière (63430),Vigilance,zone : Allier rive gauche moyen (eaux superficielles)<br>arrêté valable du 23/09/2022 au 31/10/2022
Les Martres-d'Artière (63430),Alerte,zone : Axe Allier (eaux superficielles)<br>arrêté valable du 23/09/2022 au 31/10/2022
Les Martres-de-Veyre (63730),Vigilance,zone : Allier rive gauche amont (eaux superficielles)<br>arrêté valable du 23/09/2022 au 31/10/2022
Les Martres-de-Veyre (63730),Alerte,zone : Axe Allier (eaux superficielles)<br>arrêté valable du 23/09/2022 au 31/10/2022
Les Pradeaux (63500),Alerte renforcée,zone : Allier rive droite (eaux superficielles)<br>arrêté valable du 23/09/2022 au 31/10/2022
Les Pradeaux (63500),Vigilance,zone : Allier rive gauche amont (eaux superficielles)<br>arrêté valable du 23/09/2022 au 31/10/2022
Les Pradeaux (63500),Alerte,zone : Axe Allier (eaux superficielles)<br>arrêté valable du 23/09/2022 au 31/10/2022
Lezoux (63190),Alerte renforcée,zone : Allier rive droite (eaux superficielles)<br>arrêté valable du 23/09/2022 au 31/10/2022
Limons (63290),Alerte renforcée,zone : Allier aval (eaux superficielles)<br>arrêté valable du 23/09/2022 au 31/10/2022
Limons (63290),Alerte renforcée,zone : Allier rive droite (eaux superficielles)<br>arrêté valable du 23/09/2022 au 31/10/2022
Limons (63290),Alerte,zone : Axe Allier (eaux superficielles)<br>arrêté valable du 23/09/2022 au 31/10/2022
Limons (63290),Alerte renforcée,zone : Dore (eaux superficielles)<br>arrêté valable du 23/09/2022 au 31/10/2022
Lisseuil (63440),Vigilance,zone : Morge (eaux superficielles)<br>arrêté valable du 23/09/2022 au 31/10/2022
Loubeyrat (63410),Vigilance,zone : Allier rive gauche moyen (eaux superficielles)<br>arrêté valable du 23/09/2022 au 31/10/2022
Loubeyrat (63410),Vigilance,zone : Morge (eaux superficielles)<br>arrêté valable du 23/09/2022 au 31/10/2022
Ludesse (63320),Vigilance,zone : Allier rive gauche amont (eaux superficielles)<br>arrêté valable du 23/09/2022 au 31/10/2022
Lussat (63360),Vigilance,zone : Allier rive gauche moyen (eaux superficielles)<br>arrêté valable du 23/09/2022 au 31/10/2022
Luzillat (63350),Alerte renforcée,zone : Allier aval (eaux superficielles)<br>arrêté valable du 23/09/2022 au 31/10/2022
Luzillat (63350),Alerte renforcée,zone : Allier rive droite (eaux superficielles)<br>arrêté valable du 23/09/2022 au 31/10/2022
Luzillat (63350),Vigilance,zone : Allier rive gauche moyen (eaux superficielles)<br>arrêté valable du 23/09/2022 au 31/10/2022
Luzillat (63350),Alerte,zone : Axe Allier (eaux superficielles)<br>arrêté valable du 23/09/2022 au 31/10/2022
Luzillat (63350),Vigilance,zone : Morge (eaux superficielles)<br>arrêté valable du 23/09/2022 au 31/10/2022
Madriat (63340),Vigilance,zone : Allier rive gauche amont (eaux superficielles)<br>arrêté valable du 23/09/2022 au 31/10/2022
Malauzat (63200),Vigilance,zone : Allier rive gauche moyen (eaux superficielles)<br>arrêté valable du 23/09/2022 au 31/10/2022
Malintrat (63510),Vigilance,zone : Allier rive gauche moyen (eaux superficielles)<br>arrêté valable du 23/09/2022 au 31/10/2022
Manglieu (63270),Alerte renforcée,zone : Allier rive droite (eaux superficielles)<br>arrêté valable du 23/09/2022 au 31/10/2022
Manzat (63410),Vigilance,zone : Allier rive gauche moyen (eaux superficielles)<br>arrêté valable du 23/09/2022 au 31/10/2022
Manzat (63410),Vigilance,zone : Morge (eaux superficielles)<br>arrêté valable du 23/09/2022 au 31/10/2022
Marat (63480),Alerte renforcée,zone : Dore (eaux superficielles)<br>arrêté valable du 23/09/2022 au 31/10/2022
Mareugheol (63340),Vigilance,zone : Allier rive gauche amont (eaux superficielles)<br>arrêté valable du 23/09/2022 au 31/10/2022
Maringues (63350),Vigilance,zone : Allier rive gauche moyen (eaux superficielles)<br>arrêté valable du 23/09/2022 au 31/10/2022
Maringues (63350),Alerte,zone : Axe Allier (eaux superficielles)<br>arrêté valable du 23/09/2022 au 31/10/2022
Maringues (63350),Vigilance,zone : Morge (eaux superficielles)<br>arrêté valable du 23/09/2022 au 31/10/2022
Marsac-en-Livradois (63940),Alerte renforcée,zone : Dore (eaux superficielles)<br>arrêté valable du 23/09/2022 au 31/10/2022
Marsat (63200),Vigilance,zone : Allier rive gauche moyen (eaux superficielles)<br>arrêté valable du 23/09/2022 au 31/10/2022
Martres-sur-Morge (63720),Vigilance,zone : Morge (eaux superficielles)<br>arrêté valable du 23/09/2022 au 31/10/2022
Mauzun (63160),Alerte renforcée,zone : Allier rive droite (eaux superficielles)<br>arrêté valable du 23/09/2022 au 31/10/2022
Mayres (63220),Alerte renforcée,zone : Dore (eaux superficielles)<br>arrêté valable du 23/09/2022 au 31/10/2022
Mazoires (63420),Crise,zone : Alagnon (eaux superficielles)<br>arrêté valable du 23/09/2022 au 31/10/2022
Mazoires (63420),Vigilance,zone : Allier rive gauche amont (eaux superficielles)<br>arrêté valable du 23/09/2022 au 31/10/2022
Medeyrolles (63220),Alerte renforcée,zone : Ance (eaux superficielles)<br>arrêté valable du 23/09/2022 au 31/10/2022
Medeyrolles (63220),Alerte renforcée,zone : Dore (eaux superficielles)<br>arrêté valable du 23/09/2022 au 31/10/2022
Meilhaud (63320),Vigilance,zone : Allier rive gauche amont (eaux superficielles)<br>arrêté valable du 23/09/2022 au 31/10/2022
Messeix (63750),Alerte renforcée,zone : Dordogne amont (eaux superficielles)<br>arrêté valable du 23/09/2022 au 31/10/2022
Mirefleurs (63730),Alerte renforcée,zone : Allier rive droite (eaux superficielles)<br>arrêté valable du 23/09/2022 au 31/10/2022
Mirefleurs (63730),Alerte,zone : Axe Allier (eaux superficielles)<br>arrêté valable du 23/09/2022 au 31/10/2022
Moissat (63190),Alerte renforcée,zone : Allier rive droite (eaux superficielles)<br>arrêté valable du 23/09/2022 au 31/10/2022
Mons (63310),Alerte renforcée,zone : Allier aval (eaux superficielles)<br>arrêté valable du 23/09/2022 au 31/10/2022
Mons (63310),Alerte renforcée,zone : Allier rive droite (eaux superficielles)<br>arrêté valable du 23/09/2022 au 31/10/2022
Mont-Dore (63240),Alerte renforcée,zone : Dordogne amont (eaux superficielles)<br>arrêté valable du 23/09/2022 au 31/10/2022
Montaigut (63700),Crise,zone : Cher amont (eaux superficielles)<br>arrêté valable du 23/09/2022 au 31/10/2022
Montaigut-le-Blanc (63320),Vigilance,zone : Allier rive gauche amont (eaux superficielles)<br>arrêté valable du 23/09/2022 au 31/10/2022
Montcel (63460),Vigilance,zone : Morge (eaux superficielles)<br>arrêté valable du 23/09/2022 au 31/10/2022
Montmorin (63160),Alerte renforcée,zone : Allier rive droite (eaux superficielles)<br>arrêté valable du 23/09/2022 au 31/10/2022
Montpensier (63260),Alerte renforcée,zone : Allier aval (eaux superficielles)<br>arrêté valable du 23/09/2022 au 31/10/2022
Montpeyroux (63114),Vigilance,zone : Allier rive gauche amont (eaux superficielles)<br>arrêté valable du 23/09/2022 au 31/10/2022
Montpeyroux (63114),Alerte,zone : Axe Allier (eaux superficielles)<br>arrêté valable du 23/09/2022 au 31/10/2022
Moriat (63340),Crise,zone : Alagnon (eaux superficielles)<br>arrêté valable du 23/09/2022 au 31/10/2022
Mozac (63200),Vigilance,zone : Allier rive gauche moyen (eaux superficielles)<br>arrêté valable du 23/09/2022 au 31/10/2022
"Mur-sur-Allier (63111, 63115)",Alerte renforcée,zone : Allier rive droite (eaux superficielles)<br>arrêté valable du 23/09/2022 au 31/10/2022
"Mur-sur-Allier (63111, 63115)",Vigilance,zone : Allier rive gauche moyen (eaux superficielles)<br>arrêté valable du 23/09/2022 au 31/10/2022
"Mur-sur-Allier (63111, 63115)",Alerte,zone : Axe Allier (eaux superficielles)<br>arrêté valable du 23/09/2022 au 31/10/2022
Murat-le-Quaire (63150),Alerte renforcée,zone : Dordogne amont (eaux superficielles)<br>arrêté valable du 23/09/2022 au 31/10/2022
Murol (63790),Vigilance,zone : Allier rive gauche amont (eaux superficielles)<br>arrêté valable du 23/09/2022 au 31/10/2022
Ménétrol (63200),Vigilance,zone : Allier rive gauche moyen (eaux superficielles)<br>arrêté valable du 23/09/2022 au 31/10/2022
Neschers (63320),Vigilance,zone : Allier rive gauche amont (eaux superficielles)<br>arrêté valable du 23/09/2022 au 31/10/2022
Neuville (63160),Alerte renforcée,zone : Allier rive droite (eaux superficielles)<br>arrêté valable du 23/09/2022 au 31/10/2022
Neuville (63160),Alerte renforcée,zone : Dore (eaux superficielles)<br>arrêté valable du 23/09/2022 au 31/10/2022
Noalhat (63290),Alerte renforcée,zone : Dore (eaux superficielles)<br>arrêté valable du 23/09/2022 au 31/10/2022
Nohanent (63830),Vigilance,zone : Allier rive gauche moyen (eaux superficielles)<br>arrêté valable du 23/09/2022 au 31/10/2022
Nonette-Orsonnette (63340),Alerte renforcée,zone : Allier rive droite (eaux superficielles)<br>arrêté valable du 23/09/2022 au 31/10/2022
Nonette-Orsonnette (63340),Vigilance,zone : Allier rive gauche amont (eaux superficielles)<br>arrêté valable du 23/09/2022 au 31/10/2022
Nonette-Orsonnette (63340),Alerte,zone : Axe Allier (eaux superficielles)<br>arrêté valable du 23/09/2022 au 31/10/2022
Novacelles (63220),Alerte renforcée,zone : Dore (eaux superficielles)<br>arrêté valable du 23/09/2022 au 31/10/2022
Nébouzat (63210),Vigilance,zone : Allier rive gauche amont (eaux superficielles)<br>arrêté valable du 23/09/2022 au 31/10/2022
Néronde-sur-Dore (63120),Alerte renforcée,zone : Dore (eaux superficielles)<br>arrêté valable du 23/09/2022 au 31/10/2022
Olliergues (63880),Alerte renforcée,zone : Dore (eaux superficielles)<br>arrêté valable du 23/09/2022 au 31/10/2022
Olloix (63450),Vigilance,zone : Allier rive gauche amont (eaux superficielles)<br>arrêté valable du 23/09/2022 au 31/10/2022
Olmet (63880),Alerte renforcée,zone : Dore (eaux superficielles)<br>arrêté valable du 23/09/2022 au 31/10/2022
Orbeil (63500),Alerte renforcée,zone : Allier rive droite (eaux superficielles)<br>arrêté valable du 23/09/2022 au 31/10/2022
Orbeil (63500),Alerte,zone : Axe Allier (eaux superficielles)<br>arrêté valable du 23/09/2022 au 31/10/2022
Orcet (63670),Vigilance,zone : Allier rive gauche amont (eaux superficielles)<br>arrêté valable du 23/09/2022 au 31/10/2022
Orcet (63670),Vigilance,zone : Allier rive gauche moyen (eaux superficielles)<br>arrêté valable du 23/09/2022 au 31/10/2022
Orcines (63870),Vigilance,zone : Allier rive gauche moyen (eaux superficielles)<br>arrêté valable du 23/09/2022 au 31/10/2022
Orcival (63210),Alerte renforcée,zone : Dordogne amont (eaux superficielles)<br>arrêté valable du 23/09/2022 au 31/10/2022
Orléat (63190),Alerte renforcée,zone : Allier rive droite (eaux superficielles)<br>arrêté valable du 23/09/2022 au 31/10/2022
Orléat (63190),Alerte renforcée,zone : Dore (eaux superficielles)<br>arrêté valable du 23/09/2022 au 31/10/2022
Palladuc (63550),Alerte renforcée,zone : Dore (eaux superficielles)<br>arrêté valable du 23/09/2022 au 31/10/2022
Pardines (63500),Vigilance,zone : Allier rive gauche amont (eaux superficielles)<br>arrêté valable du 23/09/2022 au 31/10/2022
Parent (63270),Alerte renforcée,zone : Allier rive droite (eaux superficielles)<br>arrêté valable du 23/09/2022 au 31/10/2022
Parent (63270),Alerte,zone : Axe Allier (eaux superficielles)<br>arrêté valable du 23/09/2022 au 31/10/2022
Parentignat (63500),Alerte renforcée,zone : Allier rive droite (eaux superficielles)<br>arrêté valable du 23/09/2022 au 31/10/2022
Parentignat (63500),Vigilance,zone : Allier rive gauche amont (eaux superficielles)<br>arrêté valable du 23/09/2022 au 31/10/2022
Parentignat (63500),Alerte,zone : Axe Allier (eaux superficielles)<br>arrêté valable du 23/09/2022 au 31/10/2022
Paslières (63290),Alerte renforcée,zone : Dore (eaux superficielles)<br>arrêté valable du 23/09/2022 au 31/10/2022
Perpezat (63210),Alerte renforcée,zone : Dordogne amont (eaux superficielles)<br>arrêté valable du 23/09/2022 au 31/10/2022
Perrier (63500),Vigilance,zone : Allier rive gauche amont (eaux superficielles)<br>arrêté valable du 23/09/2022 au 31/10/2022
Peschadoires (63920),Alerte renforcée,zone : Dore (eaux superficielles)<br>arrêté valable du 23/09/2022 au 31/10/2022
Peslières (63580),Alerte renforcée,zone : Allier rive droite (eaux superficielles)<br>arrêté valable du 23/09/2022 au 31/10/2022
Pessat-Villeneuve (63200),Vigilance,zone : Allier rive gauche moyen (eaux superficielles)<br>arrêté valable du 23/09/2022 au 31/10/2022
Pessat-Villeneuve (63200),Vigilance,zone : Morge (eaux superficielles)<br>arrêté valable du 23/09/2022 au 31/10/2022
Picherande (63113),Alerte renforcée,zone : Dordogne amont (eaux superficielles)<br>arrêté valable du 23/09/2022 au 31/10/2022
Pignols (63270),Alerte renforcée,zone : Allier rive droite (eaux superficielles)<br>arrêté valable du 23/09/2022 au 31/10/2022
Pionsat (63330),Crise,zone : Cher amont (eaux superficielles)<br>arrêté valable du 23/09/2022 au 31/10/2022
Plauzat (63730),Vigilance,zone : Allier rive gauche amont (eaux superficielles)<br>arrêté valable du 23/09/2022 au 31/10/2022
Pont-du-Château (63430),Alerte renforcée,zone : Allier rive droite (eaux superficielles)<br>arrêté valable du 23/09/2022 au 31/10/2022
Pont-du-Château (63430),Vigilance,zone : Allier rive gauche moyen (eaux superficielles)<br>arrêté valable du 23/09/2022 au 31/10/2022
Pont-du-Château (63430),Alerte,zone : Axe Allier (eaux superficielles)<br>arrêté valable du 23/09/2022 au 31/10/2022
Prompsat (63200),Vigilance,zone : Morge (eaux superficielles)<br>arrêté valable du 23/09/2022 au 31/10/2022
Pulvérières (63230),Vigilance,zone : Allier rive gauche moyen (eaux superficielles)<br>arrêté valable du 23/09/2022 au 31/10/2022
Puy-Guillaume (63290),Alerte renforcée,zone : Dore (eaux superficielles)<br>arrêté valable du 23/09/2022 au 31/10/2022
Pérignat-lès-Sarliève (63170),Vigilance,zone : Allier rive gauche moyen (eaux superficielles)<br>arrêté valable du 23/09/2022 au 31/10/2022
Pérignat-sur-Allier (63800),Alerte renforcée,zone : Allier rive droite (eaux superficielles)<br>arrêté valable du 23/09/2022 au 31/10/2022
Pérignat-sur-Allier (63800),Alerte,zone : Axe Allier (eaux superficielles)<br>arrêté valable du 23/09/2022 au 31/10/2022
Randan (63310),Alerte renforcée,zone : Allier aval (eaux superficielles)<br>arrêté valable du 23/09/2022 au 31/10/2022
Ravel (63190),Alerte renforcée,zone : Allier rive droite (eaux superficielles)<br>arrêté valable du 23/09/2022 au 31/10/2022
Reignat (63160),Alerte renforcée,zone : Allier rive droite (eaux superficielles)<br>arrêté valable du 23/09/2022 au 31/10/2022
Rentières (63420),Vigilance,zone : Allier rive gauche amont (eaux superficielles)<br>arrêté valable du 23/09/2022 au 31/10/2022
Riom (63200),Vigilance,zone : Allier rive gauche moyen (eaux superficielles)<br>arrêté valable du 23/09/2022 au 31/10/2022
Ris (63290),Alerte renforcée,zone : Allier aval (eaux superficielles)<br>arrêté valable du 23/09/2022 au 31/10/2022
Ris (63290),Alerte renforcée,zone : Dore (eaux superficielles)<br>arrêté valable du 23/09/2022 au 31/10/2022
Roche-Charles-la-Mayrand (63420),Vigilance,zone : Allier rive gauche amont (eaux superficielles)<br>arrêté valable du 23/09/2022 au 31/10/2022
Roche-d'Agoux (63330),Crise,zone : Cher amont (eaux superficielles)<br>arrêté valable du 23/09/2022 au 31/10/2022
Romagnat (63540),Vigilance,zone : Allier rive gauche amont (eaux superficielles)<br>arrêté valable du 23/09/2022 au 31/10/2022
Romagnat (63540),Vigilance,zone : Allier rive gauche moyen (eaux superficielles)<br>arrêté valable du 23/09/2022 au 31/10/2022
Royat (63130),Vigilance,zone : Allier rive gauche moyen (eaux superficielles)<br>arrêté valable du 23/09/2022 au 31/10/2022
Saillant (63840),Alerte renforcée,zone : Ance (eaux superficielles)<br>arrêté valable du 23/09/2022 au 31/10/2022
Saint-Agoulin (63260),Alerte renforcée,zone : Allier aval (eaux superficielles)<br>arrêté valable du 23/09/2022 au 31/10/2022
Saint-Agoulin (63260),Vigilance,zone : Morge (eaux superficielles)<br>arrêté valable du 23/09/2022 au 31/10/2022
Saint-Alyre-d'Arlanc (63220),Alerte renforcée,zone : Allier rive droite (eaux superficielles)<br>arrêté valable du 23/09/2022 au 31/10/2022
Saint-Alyre-d'Arlanc (63220),Alerte renforcée,zone : Dore (eaux superficielles)<br>arrêté valable du 23/09/2022 au 31/10/2022
Saint-Alyre-ès-Montagne (63420),Vigilance,zone : Allier rive gauche amont (eaux superficielles)<br>arrêté valable du 23/09/2022 au 31/10/2022
Saint-Alyre-ès-Montagne (63420),Alerte renforcée,zone : Dordogne amont (eaux superficielles)<br>arrêté valable du 23/09/2022 au 31/10/2022
Saint-Amant-Roche-Savine (63890),Alerte renforcée,zone : Dore (eaux superficielles)<br>arrêté valable du 23/09/2022 au 31/10/2022
Saint-Amant-Tallende (63450),Vigilance,zone : Allier rive gauche amont (eaux superficielles)<br>arrêté valable du 23/09/2022 au 31/10/2022
Saint-André-le-Coq (63310),Alerte renforcée,zone : Allier aval (eaux superficielles)<br>arrêté valable du 23/09/2022 au 31/10/2022
Saint-André-le-Coq (63310),Vigilance,zone : Morge (eaux superficielles)<br>arrêté valable du 23/09/2022 au 31/10/2022
Saint-Angel (63410),Vigilance,zone : Morge (eaux superficielles)<br>arrêté valable du 23/09/2022 au 31/10/2022
Saint-Anthème (63660),Alerte renforcée,zone : Ance (eaux superficielles)<br>arrêté valable du 23/09/2022 au 31/10/2022
Saint-Babel (63500),Alerte renforcée,zone : Allier rive droite (eaux superficielles)<br>arrêté valable du 23/09/2022 au 31/10/2022
Saint-Beauzire (63360),Vigilance,zone : Allier rive gauche moyen (eaux superficielles)<br>arrêté valable du 23/09/2022 au 31/10/2022
Saint-Bonnet-le-Bourg (63630),Alerte renforcée,zone : Allier rive droite (eaux superficielles)<br>arrêté valable du 23/09/2022 au 31/10/2022
Saint-Bonnet-le-Bourg (63630),Alerte renforcée,zone : Dore (eaux superficielles)<br>arrêté valable du 23/09/2022 au 31/10/2022
Saint-Bonnet-le-Chastel (63630),Alerte renforcée,zone : Dore (eaux superficielles)<br>arrêté valable du 23/09/2022 au 31/10/2022
Saint-Bonnet-lès-Allier (63800),Alerte renforcée,zone : Allier rive droite (eaux superficielles)<br>arrêté valable du 23/09/2022 au 31/10/2022
Saint-Bonnet-près-Riom (63200),Vigilance,zone : Allier rive gauche moyen (eaux superficielles)<br>arrêté valable du 23/09/2022 au 31/10/2022
Saint-Bonnet-près-Riom (63200),Vigilance,zone : Morge (eaux superficielles)<br>arrêté valable du 23/09/2022 au 31/10/2022
Saint-Cirgues-sur-Couze (63320),Vigilance,zone : Allier rive gauche amont (eaux superficielles)<br>arrêté valable du 23/09/2022 au 31/10/2022
Saint-Clément-de-Régnat (63310),Alerte renforcée,zone : Allier aval (eaux superficielles)<br>arrêté valable du 23/09/2022 au 31/10/2022
Saint-Clément-de-Régnat (63310),Vigilance,zone : Morge (eaux superficielles)<br>arrêté valable du 23/09/2022 au 31/10/2022
Saint-Clément-de-Valorgue (63660),Alerte renforcée,zone : Ance (eaux superficielles)<br>arrêté valable du 23/09/2022 au 31/10/2022
Saint-Denis-Combarnazat (63310),Alerte renforcée,zone : Allier aval (eaux superficielles)<br>arrêté valable du 23/09/2022 au 31/10/2022
Saint-Dier-d'Auvergne (63520),Alerte renforcée,zone : Dore (eaux superficielles)<br>arrêté valable du 23/09/2022 au 31/10/2022
Saint-Diéry (63320),Vigilance,zone : Allier rive gauche amont (eaux superficielles)<br>arrêté valable du 23/09/2022 au 31/10/2022
Saint-Donat (63680),Alerte renforcée,zone : Dordogne amont (eaux superficielles)<br>arrêté valable du 23/09/2022 au 31/10/2022
Saint-Ferréol-des-Côtes (63600),Alerte renforcée,zone : Dore (eaux superficielles)<br>arrêté valable du 23/09/2022 au 31/10/2022
Saint-Floret (63320),Vigilance,zone : Allier rive gauche amont (eaux superficielles)<br>arrêté valable du 23/09/2022 au 31/10/2022
Saint-Flour-l'Étang (63520),Alerte renforcée,zone : Dore (eaux superficielles)<br>arrêté valable du 23/09/2022 au 31/10/2022
Saint-Genès-Champanelle (63122),Vigilance,zone : Allier rive gauche amont (eaux superficielles)<br>arrêté valable du 23/09/2022 au 31/10/2022
Saint-Genès-Champanelle (63122),Vigilance,zone : Allier rive gauche moyen (eaux superficielles)<br>arrêté valable du 23/09/2022 au 31/10/2022
Saint-Genès-Champespe (63850),Alerte renforcée,zone : Dordogne amont (eaux superficielles)<br>arrêté valable du 23/09/2022 au 31/10/2022
Saint-Genès-du-Retz (63260),Alerte renforcée,zone : Allier aval (eaux superficielles)<br>arrêté valable du 23/09/2022 au 31/10/2022
Saint-Genès-la-Tourette (63580),Alerte renforcée,zone : Allier rive droite (eaux superficielles)<br>arrêté valable du 23/09/2022 au 31/10/2022
Saint-Georges-de-Mons (63780),Vigilance,zone : Morge (eaux superficielles)<br>arrêté valable du 23/09/2022 au 31/10/2022
Saint-Georges-sur-Allier (63800),Alerte renforcée,zone : Allier rive droite (eaux superficielles)<br>arrêté valable du 23/09/2022 au 31/10/2022
Saint-Germain-Lembron (63340),Crise,zone : Alagnon (eaux superficielles)<br>arrêté valable du 23/09/2022 au 31/10/2022
Saint-Germain-Lembron (63340),Vigilance,zone : Allier rive gauche amont (eaux superficielles)<br>arrêté valable du 23/09/2022 au 31/10/2022
Saint-Germain-l'Herm (63630),Alerte renforcée,zone : Allier rive droite (eaux superficielles)<br>arrêté valable du 23/09/2022 au 31/10/2022
Saint-Germain-l'Herm (63630),Alerte renforcée,zone : Dore (eaux superficielles)<br>arrêté valable du 23/09/2022 au 31/10/2022
Saint-Germain-près-Herment (63470),Alerte renforcée,zone : Dordogne amont (eaux superficielles)<br>arrêté valable du 23/09/2022 au 31/10/2022
Saint-Gervais-sous-Meymont (63880),Alerte renforcée,zone : Dore (eaux superficielles)<br>arrêté valable du 23/09/2022 au 31/10/2022
Saint-Gervazy (63340),Crise,zone : Alagnon (eaux superficielles)<br>arrêté valable du 23/09/2022 au 31/10/2022
Saint-Gervazy (63340),Vigilance,zone : Allier rive gauche amont (eaux superficielles)<br>arrêté valable du 23/09/2022 au 31/10/2022
Saint-Hilaire (63330),Crise,zone : Cher amont (eaux superficielles)<br>arrêté valable du 23/09/2022 au 31/10/2022
Saint-Hilaire-la-Croix (63440),Vigilance,zone : Morge (eaux superficielles)<br>arrêté valable du 23/09/2022 au 31/10/2022
Saint-Hérent (63340),Vigilance,zone : Allier rive gauche amont (eaux superficielles)<br>arrêté valable du 23/09/2022 au 31/10/2022
Saint-Ignat (63720),Vigilance,zone : Allier rive gauche moyen (eaux superficielles)<br>arrêté valable du 23/09/2022 au 31/10/2022
Saint-Ignat (63720),Vigilance,zone : Morge (eaux superficielles)<br>arrêté valable du 23/09/2022 au 31/10/2022
Saint-Jean-Saint-Gervais (63570),Alerte renforcée,zone : Allier rive droite (eaux superficielles)<br>arrêté valable du 23/09/2022 au 31/10/2022
Saint-Jean-d'Heurs (63190),Alerte renforcée,zone : Allier rive droite (eaux superficielles)<br>arrêté valable du 23/09/2022 au 31/10/2022
Saint-Jean-d'Heurs (63190),Alerte renforcée,zone : Dore (eaux superficielles)<br>arrêté valable du 23/09/2022 au 31/10/2022
Saint-Jean-des-Ollières (63520),Alerte renforcée,zone : Allier rive droite (eaux superficielles)<br>arrêté valable du 23/09/2022 au 31/10/2022
Saint-Jean-des-Ollières (63520),Alerte renforcée,zone : Dore (eaux superficielles)<br>arrêté valable du 23/09/2022 au 31/10/2022
Saint-Jean-en-Val (63490),Alerte renforcée,zone : Allier rive droite (eaux superficielles)<br>arrêté valable du 23/09/2022 au 31/10/2022
Saint-Julien-Puy-Lavèze (63820),Alerte renforcée,zone : Dordogne amont (eaux superficielles)<br>arrêté valable du 23/09/2022 au 31/10/2022
Saint-Julien-de-Coppel (63160),Alerte renforcée,zone : Allier rive droite (eaux superficielles)<br>arrêté valable du 23/09/2022 au 31/10/2022
Saint-Just (63600),Alerte renforcée,zone : Ance (eaux superficielles)<br>arrêté valable du 23/09/2022 au 31/10/2022
Saint-Just (63600),Alerte renforcée,zone : Dore (eaux superficielles)<br>arrêté valable du 23/09/2022 au 31/10/2022
Saint-Laure (63350),Vigilance,zone : Allier rive gauche moyen (eaux superficielles)<br>arrêté valable du 23/09/2022 au 31/10/2022
Saint-Laure (63350),Vigilance,zone : Morge (eaux superficielles)<br>arrêté valable du 23/09/2022 au 31/10/2022
Saint-Maigner (63330),Crise,zone : Cher amont (eaux superficielles)<br>arrêté valable du 23/09/2022 au 31/10/2022
Saint-Martin-d'Ollières (63580),Alerte renforcée,zone : Allier rive droite (eaux superficielles)<br>arrêté valable du 23/09/2022 au 31/10/2022
Saint-Martin-des-Olmes (63600),Alerte renforcée,zone : Ance (eaux superficielles)<br>arrêté valable du 23/09/2022 au 31/10/2022
Saint-Martin-des-Olmes (63600),Alerte renforcée,zone : Dore (eaux superficielles)<br>arrêté valable du 23/09/2022 au 31/10/2022
Saint-Martin-des-Plains (63570),Alerte renforcée,zone : Allier rive droite (eaux superficielles)<br>arrêté valable du 23/09/2022 au 31/10/2022
Saint-Maurice (63270),Alerte renforcée,zone : Allier rive droite (eaux superficielles)<br>arrêté valable du 23/09/2022 au 31/10/2022
Saint-Maurice (63270),Alerte,zone : Axe Allier (eaux superficielles)<br>arrêté valable du 23/09/2022 au 31/10/2022
Saint-Maurice-près-Pionsat (63330),Crise,zone : Cher amont (eaux superficielles)<br>arrêté valable du 23/09/2022 au 31/10/2022
Saint-Myon (63460),Vigilance,zone : Morge (eaux superficielles)<br>arrêté valable du 23/09/2022 au 31/10/2022
Saint-Nectaire (63710),Vigilance,zone : Allier rive gauche amont (eaux superficielles)<br>arrêté valable du 23/09/2022 au 31/10/2022
Saint-Ours (63230),Vigilance,zone : Allier rive gauche moyen (eaux superficielles)<br>arrêté valable du 23/09/2022 au 31/10/2022
Saint-Pardoux (63440),Vigilance,zone : Morge (eaux superficielles)<br>arrêté valable du 23/09/2022 au 31/10/2022
Saint-Pierre-Colamine (63610),Vigilance,zone : Allier rive gauche amont (eaux superficielles)<br>arrêté valable du 23/09/2022 au 31/10/2022
Saint-Pierre-la-Bourlhonne (63480),Alerte renforcée,zone : Dore (eaux superficielles)<br>arrêté valable du 23/09/2022 au 31/10/2022
Saint-Priest-Bramefant (63310),Alerte renforcée,zone : Allier aval (eaux superficielles)<br>arrêté valable du 23/09/2022 au 31/10/2022
Saint-Quentin-sur-Sauxillanges (63490),Alerte renforcée,zone : Allier rive droite (eaux superficielles)<br>arrêté valable du 23/09/2022 au 31/10/2022
Saint-Romain (63660),Alerte renforcée,zone : Ance (eaux superficielles)<br>arrêté valable du 23/09/2022 au 31/10/2022
Saint-Rémy-de-Blot (63440),Vigilance,zone : Morge (eaux superficielles)<br>arrêté valable du 23/09/2022 au 31/10/2022
Saint-Rémy-de-Chargnat (63500),Alerte renforcée,zone : Allier rive droite (eaux superficielles)<br>arrêté valable du 23/09/2022 au 31/10/2022
Saint-Rémy-sur-Durolle (63550),Alerte renforcée,zone : Dore (eaux superficielles)<br>arrêté valable du 23/09/2022 au 31/10/2022
Saint-Sandoux (63450),Vigilance,zone : Allier rive gauche amont (eaux superficielles)<br>arrêté valable du 23/09/2022 au 31/10/2022
Saint-Saturnin (63450),Vigilance,zone : Allier rive gauche amont (eaux superficielles)<br>arrêté valable du 23/09/2022 au 31/10/2022
Saint-Sauves-d'Auvergne (63950),Alerte renforcée,zone : Dordogne amont (eaux superficielles)<br>arrêté valable du 23/09/2022 au 31/10/2022
Saint-Sauveur-la-Sagne (63220),Alerte renforcée,zone : Dore (eaux superficielles)<br>arrêté valable du 23/09/2022 au 31/10/2022
Saint-Sulpice (63760),Alerte renforcée,zone : Dordogne amont (eaux superficielles)<br>arrêté valable du 23/09/2022 au 31/10/2022
Saint-Sylvestre-Pragoulin (63310),Alerte renforcée,zone : Allier aval (eaux superficielles)<br>arrêté valable du 23/09/2022 au 31/10/2022
Saint-Victor-Montvianeix (63550),Alerte renforcée,zone : Dore (eaux superficielles)<br>arrêté valable du 23/09/2022 au 31/10/2022
Saint-Victor-la-Rivière (63790),Vigilance,zone : Allier rive gauche amont (eaux superficielles)<br>arrêté valable du 23/09/2022 au 31/10/2022
Saint-Vincent (63320),Vigilance,zone : Allier rive gauche amont (eaux superficielles)<br>arrêté valable du 23/09/2022 au 31/10/2022
Saint-Yvoine (63500),Vigilance,zone : Allier rive gauche amont (eaux superficielles)<br>arrêté valable du 23/09/2022 au 31/10/2022
Saint-Yvoine (63500),Alerte,zone : Axe Allier (eaux superficielles)<br>arrêté valable du 23/09/2022 au 31/10/2022
Saint-Éloy-la-Glacière (63890),Alerte renforcée,zone : Allier rive droite (eaux superficielles)<br>arrêté valable du 23/09/2022 au 31/10/2022
Saint-Éloy-la-Glacière (63890),Alerte renforcée,zone : Dore (eaux superficielles)<br>arrêté valable du 23/09/2022 au 31/10/2022
Saint-Étienne-sur-Usson (63580),Alerte renforcée,zone : Allier rive droite (eaux superficielles)<br>arrêté valable du 23/09/2022 au 31/10/2022
Sainte-Agathe (63120),Alerte renforcée,zone : Dore (eaux superficielles)<br>arrêté valable du 23/09/2022 au 31/10/2022
Sainte-Catherine (63580),Alerte renforcée,zone : Allier rive droite (eaux superficielles)<br>arrêté valable du 23/09/2022 au 31/10/2022
Sallèdes (63270),Alerte renforcée,zone : Allier rive droite (eaux superficielles)<br>arrêté valable du 23/09/2022 au 31/10/2022
Sardon (63260),Alerte renforcée,zone : Allier aval (eaux superficielles)<br>arrêté valable du 23/09/2022 au 31/10/2022
Sardon (63260),Vigilance,zone : Morge (eaux superficielles)<br>arrêté valable du 23/09/2022 au 31/10/2022
Saulzet-le-Froid (63970),Vigilance,zone : Allier rive gauche amont (eaux superficielles)<br>arrêté valable du 23/09/2022 au 31/10/2022
Saulzet-le-Froid (63970),Alerte renforcée,zone : Dordogne amont (eaux superficielles)<br>arrêté valable du 23/09/2022 au 31/10/2022
Saurier (63320),Vigilance,zone : Allier rive gauche amont (eaux superficielles)<br>arrêté valable du 23/09/2022 au 31/10/2022
Sauvagnat-Sainte-Marthe (63500),Vigilance,zone : Allier rive gauche amont (eaux superficielles)<br>arrêté valable du 23/09/2022 au 31/10/2022
Sauvagnat-Sainte-Marthe (63500),Alerte,zone : Axe Allier (eaux superficielles)<br>arrêté valable du 23/09/2022 au 31/10/2022
Sauvessanges (63840),Alerte renforcée,zone : Ance (eaux superficielles)<br>arrêté valable du 23/09/2022 au 31/10/2022
Sauviat (63120),Alerte renforcée,zone : Dore (eaux superficielles)<br>arrêté valable du 23/09/2022 au 31/10/2022
Sauxillanges (63490),Alerte renforcée,zone : Allier rive droite (eaux superficielles)<br>arrêté valable du 23/09/2022 au 31/10/2022
Savennes (63750),Alerte renforcée,zone : Dordogne amont (eaux superficielles)<br>arrêté valable du 23/09/2022 au 31/10/2022
Sayat (63530),Vigilance,zone : Allier rive gauche moyen (eaux superficielles)<br>arrêté valable du 23/09/2022 au 31/10/2022
Sermentizon (63120),Alerte renforcée,zone : Allier rive droite (eaux superficielles)<br>arrêté valable du 23/09/2022 au 31/10/2022
Sermentizon (63120),Alerte renforcée,zone : Dore (eaux superficielles)<br>arrêté valable du 23/09/2022 au 31/10/2022
Seychalles (63190),Alerte renforcée,zone : Allier rive droite (eaux superficielles)<br>arrêté valable du 23/09/2022 au 31/10/2022
Singles (63690),Alerte renforcée,zone : Dordogne amont (eaux superficielles)<br>arrêté valable du 23/09/2022 au 31/10/2022
Solignat (63500),Vigilance,zone : Allier rive gauche amont (eaux superficielles)<br>arrêté valable du 23/09/2022 au 31/10/2022
Sugères (63490),Alerte renforcée,zone : Allier rive droite (eaux superficielles)<br>arrêté valable du 23/09/2022 au 31/10/2022
Surat (63720),Vigilance,zone : Morge (eaux superficielles)<br>arrêté valable du 23/09/2022 au 31/10/2022
Tallende (63450),Vigilance,zone : Allier rive gauche amont (eaux superficielles)<br>arrêté valable du 23/09/2022 au 31/10/2022
Tauves (63690),Alerte renforcée,zone : Dordogne amont (eaux superficielles)<br>arrêté valable du 23/09/2022 au 31/10/2022
Teilhède (63460),Vigilance,zone : Morge (eaux superficielles)<br>arrêté valable du 23/09/2022 au 31/10/2022
Ternant-les-Eaux (63340),Vigilance,zone : Allier rive gauche amont (eaux superficielles)<br>arrêté valable du 23/09/2022 au 31/10/2022
Thiers (63300),Alerte renforcée,zone : Dore (eaux superficielles)<br>arrêté valable du 23/09/2022 au 31/10/2022
Thiolières (63600),Alerte renforcée,zone : Dore (eaux superficielles)<br>arrêté valable du 23/09/2022 au 31/10/2022
Thuret (63260),Alerte renforcée,zone : Allier aval (eaux superficielles)<br>arrêté valable du 23/09/2022 au 31/10/2022
Thuret (63260),Vigilance,zone : Morge (eaux superficielles)<br>arrêté valable du 23/09/2022 au 31/10/2022
Tortebesse (63470),Alerte renforcée,zone : Dordogne amont (eaux superficielles)<br>arrêté valable du 23/09/2022 au 31/10/2022
Tours-sur-Meymont (63590),Alerte renforcée,zone : Dore (eaux superficielles)<br>arrêté valable du 23/09/2022 au 31/10/2022
Tourzel-Ronzières (63320),Vigilance,zone : Allier rive gauche amont (eaux superficielles)<br>arrêté valable du 23/09/2022 au 31/10/2022
Trémouille-Saint-Loup (63810),Alerte renforcée,zone : Dordogne amont (eaux superficielles)<br>arrêté valable du 23/09/2022 au 31/10/2022
Trézioux (63520),Alerte renforcée,zone : Dore (eaux superficielles)<br>arrêté valable du 23/09/2022 au 31/10/2022
Usson (63490),Alerte renforcée,zone : Allier rive droite (eaux superficielles)<br>arrêté valable du 23/09/2022 au 31/10/2022
Valbeleix (63610),Vigilance,zone : Allier rive gauche amont (eaux superficielles)<br>arrêté valable du 23/09/2022 au 31/10/2022
Valcivières (63600),Alerte renforcée,zone : Ance (eaux superficielles)<br>arrêté valable du 23/09/2022 au 31/10/2022
Valcivières (63600),Alerte renforcée,zone : Dore (eaux superficielles)<br>arrêté valable du 23/09/2022 au 31/10/2022
Valz-sous-Châteauneuf (63580),Alerte renforcée,zone : Allier rive droite (eaux superficielles)<br>arrêté valable du 23/09/2022 au 31/10/2022
Varennes-sur-Morge (63720),Vigilance,zone : Allier rive gauche moyen (eaux superficielles)<br>arrêté valable du 23/09/2022 au 31/10/2022
Varennes-sur-Morge (63720),Vigilance,zone : Morge (eaux superficielles)<br>arrêté valable du 23/09/2022 au 31/10/2022
Varennes-sur-Usson (63500),Alerte renforcée,zone : Allier rive droite (eaux superficielles)<br>arrêté valable du 23/09/2022 au 31/10/2022
Vassel (63910),Alerte renforcée,zone : Allier rive droite (eaux superficielles)<br>arrêté valable du 23/09/2022 au 31/10/2022
Vensat (63260),Alerte renforcée,zone : Allier aval (eaux superficielles)<br>arrêté valable du 23/09/2022 au 31/10/2022
Vergheas (63330),Crise,zone : Cher amont (eaux superficielles)<br>arrêté valable du 23/09/2022 au 31/10/2022
Verneugheol (63470),Alerte renforcée,zone : Dordogne amont (eaux superficielles)<br>arrêté valable du 23/09/2022 au 31/10/2022
Vernines (63210),Vigilance,zone : Allier rive gauche amont (eaux superficielles)<br>arrêté valable du 23/09/2022 au 31/10/2022
Verrières (63320),Vigilance,zone : Allier rive gauche amont (eaux superficielles)<br>arrêté valable du 23/09/2022 au 31/10/2022
Vertaizon (63910),Alerte renforcée,zone : Allier rive droite (eaux superficielles)<br>arrêté valable du 23/09/2022 au 31/10/2022
Vertolaye (63480),Alerte renforcée,zone : Dore (eaux superficielles)<br>arrêté valable du 23/09/2022 au 31/10/2022
Veyre-Monton (63960),Vigilance,zone : Allier rive gauche amont (eaux superficielles)<br>arrêté valable du 23/09/2022 au 31/10/2022
Vic-le-Comte (63270),Alerte renforcée,zone : Allier rive droite (eaux superficielles)<br>arrêté valable du 23/09/2022 au 31/10/2022
Vic-le-Comte (63270),Alerte,zone : Axe Allier (eaux superficielles)<br>arrêté valable du 23/09/2022 au 31/10/2022
Vichel (63340),Crise,zone : Alagnon (eaux superficielles)<br>arrêté valable du 23/09/2022 au 31/10/2022
Vichel (63340),Vigilance,zone : Allier rive gauche amont (eaux superficielles)<br>arrêté valable du 23/09/2022 au 31/10/2022
Villeneuve (63340),Vigilance,zone : Allier rive gauche amont (eaux superficielles)<br>arrêté valable du 23/09/2022 au 31/10/2022
Villeneuve-les-Cerfs (63310),Alerte renforcée,zone : Allier aval (eaux superficielles)<br>arrêté valable du 23/09/2022 au 31/10/2022
Vinzelles (63350),Alerte renforcée,zone : Allier rive droite (eaux superficielles)<br>arrêté valable du 23/09/2022 au 31/10/2022
Vinzelles (63350),Alerte,zone : Axe Allier (eaux superficielles)<br>arrêté valable du 23/09/2022 au 31/10/2022
Vinzelles (63350),Alerte renforcée,zone : Dore (eaux superficielles)<br>arrêté valable du 23/09/2022 au 31/10/2022
Virlet (63330),Crise,zone : Cher amont (eaux superficielles)<br>arrêté valable du 23/09/2022 au 31/10/2022
Viscomtat (63250),Alerte renforcée,zone : Dore (eaux superficielles)<br>arrêté valable du 23/09/2022 au 31/10/2022
Vitrac (63410),Vigilance,zone : Morge (eaux superficielles)<br>arrêté valable du 23/09/2022 au 31/10/2022
Viverols (63840),Alerte renforcée,zone : Ance (eaux superficielles)<br>arrêté valable du 23/09/2022 au 31/10/2022
Vodable (63500),Vigilance,zone : Allier rive gauche amont (eaux superficielles)<br>arrêté valable du 23/09/2022 au 31/10/2022
Vollore-Montagne (63120),Alerte renforcée,zone : Dore (eaux superficielles)<br>arrêté valable du 23/09/2022 au 31/10/2022
Vollore-Ville (63120),Alerte renforcée,zone : Dore (eaux superficielles)<br>arrêté valable du 23/09/2022 au 31/10/2022
Volvic (63530),Vigilance,zone : Allier rive gauche moyen (eaux superficielles)<br>arrêté valable du 23/09/2022 au 31/10/2022
Youx (63700),Crise,zone : Cher amont (eaux superficielles)<br>arrêté valable du 23/09/2022 au 31/10/2022
Yronde-et-Buron (63270),Alerte renforcée,zone : Allier rive droite (eaux superficielles)<br>arrêté valable du 23/09/2022 au 31/10/2022
Yronde-et-Buron (63270),Alerte,zone : Axe Allier (eaux superficielles)<br>arrêté valable du 23/09/2022 au 31/10/2022
Yssac-la-Tourette (63200),Vigilance,zone : Allier rive gauche moyen (eaux superficielles)<br>arrêté valable du 23/09/2022 au 31/10/2022
Yssac-la-Tourette (63200),Vigilance,zone : Morge (eaux superficielles)<br>arrêté valable du 23/09/2022 au 31/10/2022
Échandelys (63980),Alerte renforcée,zone : Allier rive droite (eaux superficielles)<br>arrêté valable du 23/09/2022 au 31/10/2022
Égliseneuve-d'Entraigues (63850),Alerte renforcée,zone : Dordogne amont (eaux superficielles)<br>arrêté valable du 23/09/2022 au 31/10/2022
Égliseneuve-des-Liards (63490),Alerte renforcée,zone : Allier rive droite (eaux superficielles)<br>arrêté valable du 23/09/2022 au 31/10/2022
Égliseneuve-près-Billom (63160),Alerte renforcée,zone : Allier rive droite (eaux superficielles)<br>arrêté valable du 23/09/2022 au 31/10/2022
Églisolles (63840),Alerte renforcée,zone : Ance (eaux superficielles)<br>arrêté valable du 23/09/2022 au 31/10/2022
Affoux (69170),Crise,zone : ZONE 3 (eaux superficielles)<br>arrêté valable du 10/08/2022 au 31/10/2022
Aigueperse (69790),Crise,zone : ZONE 1 (eaux superficielles)<br>arrêté valable du 10/08/2022 au 31/10/2022
Albigny-sur-Saône (69250),Crise,zone : ZONE 2 - axe Saône (eaux superficielles)<br>arrêté valable du 10/08/2022 au 31/10/2022
Albigny-sur-Saône (69250),Crise,zone : ZONE 2 - axe Saône (eaux souterraines)<br>arrêté valable du 10/08/2022 au 31/10/2022
Alix (69380),Crise,zone : ZONE 1 (eaux superficielles)<br>arrêté valable du 10/08/2022 au 31/10/2022
Ambérieux (69480),Crise,zone : ZONE 2 - axe Saône (eaux superficielles)<br>arrêté valable du 10/08/2022 au 31/10/2022
Ambérieux (69480),Crise,zone : ZONE 2 - axe Saône (eaux souterraines)<br>arrêté valable du 10/08/2022 au 31/10/2022
Amplepuis (69550),Crise,zone : ZONE 1 (eaux superficielles)<br>arrêté valable du 10/08/2022 au 31/10/2022
Ampuis (69420),Alerte renforcée,zone : ZONE 6 (eaux superficielles)<br>arrêté valable du 10/08/2022 au 31/10/2022
Ancy (69490),Crise,zone : ZONE 3 (eaux superficielles)<br>arrêté valable du 10/08/2022 au 31/10/2022
Anse (69480),Crise,zone : ZONE 2 - axe Saône (eaux superficielles)<br>arrêté valable du 10/08/2022 au 31/10/2022
Anse (69480),Crise,zone : ZONE 2 - axe Saône (eaux souterraines)<br>arrêté valable du 10/08/2022 au 31/10/2022
Anse (69480),Crise,zone : ZONE 1 (eaux superficielles)<br>arrêté valable du 10/08/2022 au 31/10/2022
Arnas (69400),Crise,zone : ZONE 2 - axe Saône (eaux superficielles)<br>arrêté valable du 10/08/2022 au 31/10/2022
Arnas (69400),Crise,zone : ZONE 2 - axe Saône (eaux souterraines)<br>arrêté valable du 10/08/2022 au 31/10/2022
Aveize (69610),Crise,zone : ZONE 3 (eaux superficielles)<br>arrêté valable du 10/08/2022 au 31/10/2022
Azolette (69790),Crise,zone : ZONE 1 (eaux superficielles)<br>arrêté valable du 10/08/2022 au 31/10/2022
Bagnols (69620),Crise,zone : ZONE 1 (eaux superficielles)<br>arrêté valable du 10/08/2022 au 31/10/2022
Beaujeu (69430),Crise,zone : ZONE 1 (eaux superficielles)<br>arrêté valable du 10/08/2022 au 31/10/2022
Beauvallon (69700),Alerte renforcée,zone : ZONE 6 (eaux superficielles)<br>arrêté valable du 10/08/2022 au 31/10/2022
Belleville-en-Beaujolais (69220),Crise,zone : ZONE 2 - axe Saône (eaux superficielles)<br>arrêté valable du 10/08/2022 au 31/10/2022
Belleville-en-Beaujolais (69220),Crise,zone : ZONE 2 - axe Saône (eaux souterraines)<br>arrêté valable du 10/08/2022 au 31/10/2022
Belmont-d'Azergues (69380),Crise,zone : ZONE 1 (eaux superficielles)<br>arrêté valable du 10/08/2022 au 31/10/2022
Bessenay (69690),Crise,zone : ZONE 3 (eaux superficielles)<br>arrêté valable du 10/08/2022 au 31/10/2022
Bibost (69690),Crise,zone : ZONE 3 (eaux superficielles)<br>arrêté valable du 10/08/2022 au 31/10/2022
Blacé (69460),Crise,zone : ZONE 1 (eaux superficielles)<br>arrêté valable du 10/08/2022 au 31/10/2022
Brignais (69530),Crise,zone : ZONE 5 (eaux superficielles)<br>arrêté valable du 10/08/2022 au 31/10/2022
Brignais (69530),Vigilance,zone : ZONE 5 (eaux souterraines)<br>arrêté valable du 10/08/2022 au 31/10/2022
Brindas (69126),Crise,zone : ZONE 5 (eaux superficielles)<br>arrêté valable du 10/08/2022 au 31/10/2022
Brindas (69126),Vigilance,zone : ZONE 5 (eaux souterraines)<br>arrêté valable du 10/08/2022 au 31/10/2022
Bron (69500),Alerte renforcée,zone : ZONE 8 (eaux superficielles)<br>arrêté valable du 10/08/2022 au 31/10/2022
Bron (69500),Vigilance,zone : ZONE 8 (eaux souterraines)<br>arrêté valable du 10/08/2022 au 31/10/2022
Brullioles (69690),Crise,zone : ZONE 3 (eaux superficielles)<br>arrêté valable du 10/08/2022 au 31/10/2022
Brussieu (69690),Crise,zone : ZONE 3 (eaux superficielles)<br>arrêté valable du 10/08/2022 au 31/10/2022
Bully (69210),Crise,zone : ZONE 3 (eaux superficielles)<br>arrêté valable du 10/08/2022 au 31/10/2022
Cailloux-sur-Fontaines (69270),Crise,zone : ZONE 4 (eaux superficielles)<br>arrêté valable du 10/08/2022 au 31/10/2022
Caluire-et-Cuire (69300),Crise,zone : ZONE 4 (eaux superficielles)<br>arrêté valable du 10/08/2022 au 31/10/2022
Cenves (69840),Crise,zone : ZONE 1 (eaux superficielles)<br>arrêté valable du 10/08/2022 au 31/10/2022
Cercié (69220),Crise,zone : ZONE 1 (eaux superficielles)<br>arrêté valable du 10/08/2022 au 31/10/2022
Chabanière (69440),Crise,zone : ZONE 3 (eaux superficielles)<br>arrêté valable du 10/08/2022 au 31/10/2022
Chambost-Allières (69870),Crise,zone : ZONE 1 (eaux superficielles)<br>arrêté valable du 10/08/2022 au 31/10/2022
Chambost-Longessaigne (69770),Crise,zone : ZONE 3 (eaux superficielles)<br>arrêté valable du 10/08/2022 au 31/10/2022
Chamelet (69620),Crise,zone : ZONE 1 (eaux superficielles)<br>arrêté valable du 10/08/2022 au 31/10/2022
Champagne-au-Mont-d'Or (69410),Crise,zone : ZONE 4 (eaux superficielles)<br>arrêté valable du 10/08/2022 au 31/10/2022
Chaponnay (69970),Alerte renforcée,zone : ZONE 7 (eaux superficielles)<br>arrêté valable du 10/08/2022 au 31/10/2022
Chaponnay (69970),Vigilance,zone : ZONE 7 (eaux souterraines)<br>arrêté valable du 10/08/2022 au 31/10/2022
Chaponost (69630),Crise,zone : ZONE 5 (eaux superficielles)<br>arrêté valable du 10/08/2022 au 31/10/2022
Chaponost (69630),Vigilance,zone : ZONE 5 (eaux souterraines)<br>arrêté valable du 10/08/2022 au 31/10/2022
Charbonnières-les-Bains (69260),Crise,zone : ZONE 5 (eaux superficielles)<br>arrêté valable du 10/08/2022 au 31/10/2022
Charbonnières-les-Bains (69260),Vigilance,zone : ZONE 5 (eaux souterraines)<br>arrêté valable du 10/08/2022 au 31/10/2022
Charentay (69220),Crise,zone : ZONE 1 (eaux superficielles)<br>arrêté valable du 10/08/2022 au 31/10/2022
Charly (69390),Crise,zone : ZONE 5 (eaux superficielles)<br>arrêté valable du 10/08/2022 au 31/10/2022
Charly (69390),Vigilance,zone : ZONE 5 (eaux souterraines)<br>arrêté valable du 10/08/2022 au 31/10/2022
Charnay (69380),Crise,zone : ZONE 1 (eaux superficielles)<br>arrêté valable du 10/08/2022 au 31/10/2022
Chasselay (69380),Crise,zone : ZONE 2 - axe Saône (eaux superficielles)<br>arrêté valable du 10/08/2022 au 31/10/2022
Chasselay (69380),Crise,zone : ZONE 2 - axe Saône (eaux souterraines)<br>arrêté valable du 10/08/2022 au 31/10/2022
Chassieu (69680),Alerte renforcée,zone : ZONE 8 (eaux superficielles)<br>arrêté valable du 10/08/2022 au 31/10/2022
Chassieu (69680),Vigilance,zone : ZONE 8 (eaux souterraines)<br>arrêté valable du 10/08/2022 au 31/10/2022
Chaussan (69440),Crise,zone : ZONE 5 (eaux superficielles)<br>arrêté valable du 10/08/2022 au 31/10/2022
Chaussan (69440),Vigilance,zone : ZONE 5 (eaux souterraines)<br>arrêté valable du 10/08/2022 au 31/10/2022
Chazay-d'Azergues (69380),Crise,zone : ZONE 1 (eaux superficielles)<br>arrêté valable du 10/08/2022 au 31/10/2022
Chessy (69380),Crise,zone : ZONE 1 (eaux superficielles)<br>arrêté valable du 10/08/2022 au 31/10/2022
Chevinay (69210),Crise,zone : ZONE 3 (eaux superficielles)<br>arrêté valable du 10/08/2022 au 31/10/2022
Chiroubles (69115),Crise,zone : ZONE 1 (eaux superficielles)<br>arrêté valable du 10/08/2022 au 31/10/2022
Châtillon (69380),Crise,zone : ZONE 1 (eaux superficielles)<br>arrêté valable du 10/08/2022 au 31/10/2022
Chénas (69840),Crise,zone : ZONE 2 - axe Saône (eaux superficielles)<br>arrêté valable du 10/08/2022 au 31/10/2022
Chénas (69840),Crise,zone : ZONE 2 - axe Saône (eaux souterraines)<br>arrêté valable du 10/08/2022 au 31/10/2022
Chénas (69840),Crise,zone : ZONE 1 (eaux superficielles)<br>arrêté valable du 10/08/2022 au 31/10/2022
Chénelette (69430),Crise,zone : ZONE 1 (eaux superficielles)<br>arrêté valable du 10/08/2022 au 31/10/2022
Civrieux-d'Azergues (69380),Crise,zone : ZONE 1 (eaux superficielles)<br>arrêté valable du 10/08/2022 au 31/10/2022
Claveisolles (69870),Crise,zone : ZONE 1 (eaux superficielles)<br>arrêté valable du 10/08/2022 au 31/10/2022
Cogny (69640),Crise,zone : ZONE 1 (eaux superficielles)<br>arrêté valable du 10/08/2022 au 31/10/2022
Coise (69590),Crise,zone : ZONE 3 (eaux superficielles)<br>arrêté valable du 10/08/2022 au 31/10/2022
Collonges-au-Mont-d'Or (69660),Crise,zone : ZONE 2 - axe Saône (eaux superficielles)<br>arrêté valable du 10/08/2022 au 31/10/2022
Collonges-au-Mont-d'Or (69660),Crise,zone : ZONE 2 - axe Saône (eaux souterraines)<br>arrêté valable du 10/08/2022 au 31/10/2022
Collonges-au-Mont-d'Or (69660),Crise,zone : ZONE 4 (eaux superficielles)<br>arrêté valable du 10/08/2022 au 31/10/2022
"Colombier-Saugnieu (69125, 69124)",Alerte renforcée,zone : ZONE 9 (eaux superficielles)<br>arrêté valable du 10/08/2022 au 31/10/2022
"Colombier-Saugnieu (69125, 69124)",Vigilance,zone : ZONE 9 (eaux souterraines)<br>arrêté valable du 10/08/2022 au 31/10/2022
Communay (69360),Alerte renforcée,zone : ZONE 7 (eaux superficielles)<br>arrêté valable du 10/08/2022 au 31/10/2022
Communay (69360),Vigilance,zone : ZONE 7 (eaux souterraines)<br>arrêté valable du 10/08/2022 au 31/10/2022
Condrieu (69420),Alerte renforcée,zone : ZONE 6 (eaux superficielles)<br>arrêté valable du 10/08/2022 au 31/10/2022
Corbas (69960),Alerte renforcée,zone : ZONE 7 (eaux superficielles)<br>arrêté valable du 10/08/2022 au 31/10/2022
Corbas (69960),Vigilance,zone : ZONE 7 (eaux souterraines)<br>arrêté valable du 10/08/2022 au 31/10/2022
Corcelles-en-Beaujolais (69220),Crise,zone : ZONE 1 (eaux superficielles)<br>arrêté valable du 10/08/2022 au 31/10/2022
Cours (69470),Crise,zone : ZONE 1 (eaux superficielles)<br>arrêté valable du 10/08/2022 au 31/10/2022
Courzieu (69690),Crise,zone : ZONE 3 (eaux superficielles)<br>arrêté valable du 10/08/2022 au 31/10/2022
Couzon-au-Mont-d'Or (69270),Crise,zone : ZONE 2 - axe Saône (eaux superficielles)<br>arrêté valable du 10/08/2022 au 31/10/2022
Couzon-au-Mont-d'Or (69270),Crise,zone : ZONE 2 - axe Saône (eaux souterraines)<br>arrêté valable du 10/08/2022 au 31/10/2022
Craponne (69290),Crise,zone : ZONE 5 (eaux superficielles)<br>arrêté valable du 10/08/2022 au 31/10/2022
Craponne (69290),Vigilance,zone : ZONE 5 (eaux souterraines)<br>arrêté valable du 10/08/2022 au 31/10/2022
Cublize (69550),Crise,zone : ZONE 1 (eaux superficielles)<br>arrêté valable du 10/08/2022 au 31/10/2022
Curis-au-Mont-d'Or (69250),Crise,zone : ZONE 2 - axe Saône (eaux superficielles)<br>arrêté valable du 10/08/2022 au 31/10/2022
Curis-au-Mont-d'Or (69250),Crise,zone : ZONE 2 - axe Saône (eaux souterraines)<br>arrêté valable du 10/08/2022 au 31/10/2022
Dardilly (69570),Crise,zone : ZONE 4 (eaux superficielles)<br>arrêté valable du 10/08/2022 au 31/10/2022
Denicé (69640),Crise,zone : ZONE 1 (eaux superficielles)<br>arrêté valable du 10/08/2022 au 31/10/2022
"Deux-Grosnes (69860, 69430)",Crise,zone : ZONE 1 (eaux superficielles)<br>arrêté valable du 10/08/2022 au 31/10/2022
Dième (69170),Crise,zone : ZONE 1 (eaux superficielles)<br>arrêté valable du 10/08/2022 au 31/10/2022
Dommartin (69380),Crise,zone : ZONE 1 (eaux superficielles)<br>arrêté valable du 10/08/2022 au 31/10/2022
Dracé (69220),Crise,zone : ZONE 2 - axe Saône (eaux superficielles)<br>arrêté valable du 10/08/2022 au 31/10/2022
Dracé (69220),Crise,zone : ZONE 2 - axe Saône (eaux souterraines)<br>arrêté valable du 10/08/2022 au 31/10/2022
Dracé (69220),Crise,zone : ZONE 1 (eaux superficielles)<br>arrêté valable du 10/08/2022 au 31/10/2022
Duerne (69850),Crise,zone : ZONE 3 (eaux superficielles)<br>arrêté valable du 10/08/2022 au 31/10/2022
Décines-Charpieu (69150),Alerte renforcée,zone : ZONE 8 (eaux superficielles)<br>arrêté valable du 10/08/2022 au 31/10/2022
Décines-Charpieu (69150),Vigilance,zone : ZONE 8 (eaux souterraines)<br>arrêté valable du 10/08/2022 au 31/10/2022
Feyzin (69320),Alerte renforcée,zone : ZONE 7 (eaux superficielles)<br>arrêté valable du 10/08/2022 au 31/10/2022
Feyzin (69320),Vigilance,zone : ZONE 7 (eaux souterraines)<br>arrêté valable du 10/08/2022 au 31/10/2022
Fleurie (69820),Crise,zone : ZONE 1 (eaux superficielles)<br>arrêté valable du 10/08/2022 au 31/10/2022
Fleurieu-sur-Saône (69250),Crise,zone : ZONE 2 - axe Saône (eaux superficielles)<br>arrêté valable du 10/08/2022 au 31/10/2022
Fleurieu-sur-Saône (69250),Crise,zone : ZONE 2 - axe Saône (eaux souterraines)<br>arrêté valable du 10/08/2022 au 31/10/2022
Fleurieu-sur-Saône (69250),Crise,zone : ZONE 4 (eaux superficielles)<br>arrêté valable du 10/08/2022 au 31/10/2022
Fleurieux-sur-l'Arbresle (69210),Crise,zone : ZONE 3 (eaux superficielles)<br>arrêté valable du 10/08/2022 au 31/10/2022
Fontaines-Saint-Martin (69270),Crise,zone : ZONE 4 (eaux superficielles)<br>arrêté valable du 10/08/2022 au 31/10/2022
Fontaines-sur-Saône (69270),Crise,zone : ZONE 2 - axe Saône (eaux superficielles)<br>arrêté valable du 10/08/2022 au 31/10/2022
Fontaines-sur-Saône (69270),Crise,zone : ZONE 2 - axe Saône (eaux souterraines)<br>arrêté valable du 10/08/2022 au 31/10/2022
Fontaines-sur-Saône (69270),Crise,zone : ZONE 4 (eaux superficielles)<br>arrêté valable du 10/08/2022 au 31/10/2022
Francheville (69340),Crise,zone : ZONE 5 (eaux superficielles)<br>arrêté valable du 10/08/2022 au 31/10/2022
Francheville (69340),Vigilance,zone : ZONE 5 (eaux souterraines)<br>arrêté valable du 10/08/2022 au 31/10/2022
Frontenas (69620),Crise,zone : ZONE 1 (eaux superficielles)<br>arrêté valable du 10/08/2022 au 31/10/2022
Genas (69740),Alerte renforcée,zone : ZONE 8 (eaux superficielles)<br>arrêté valable du 10/08/2022 au 31/10/2022
Genas (69740),Alerte renforcée,zone : ZONE 9 (eaux superficielles)<br>arrêté valable du 10/08/2022 au 31/10/2022
Genas (69740),Vigilance,zone : ZONE 8 (eaux souterraines)<br>arrêté valable du 10/08/2022 au 31/10/2022
Genas (69740),Vigilance,zone : ZONE 9 (eaux souterraines)<br>arrêté valable du 10/08/2022 au 31/10/2022
Genay (69730),Crise,zone : ZONE 2 - axe Saône (eaux superficielles)<br>arrêté valable du 10/08/2022 au 31/10/2022
Genay (69730),Crise,zone : ZONE 2 - axe Saône (eaux souterraines)<br>arrêté valable du 10/08/2022 au 31/10/2022
Givors (69700),Alerte renforcée,zone : ZONE 6 (eaux superficielles)<br>arrêté valable du 10/08/2022 au 31/10/2022
Gleizé (69400),Crise,zone : ZONE 1 (eaux superficielles)<br>arrêté valable du 10/08/2022 au 31/10/2022
Grandris (69870),Crise,zone : ZONE 1 (eaux superficielles)<br>arrêté valable du 10/08/2022 au 31/10/2022
Grigny (69520),Alerte renforcée,zone : ZONE 7 (eaux superficielles)<br>arrêté valable du 10/08/2022 au 31/10/2022
Grigny (69520),Vigilance,zone : ZONE 7 (eaux souterraines)<br>arrêté valable du 10/08/2022 au 31/10/2022
Grigny (69520),Crise,zone : ZONE 5 (eaux superficielles)<br>arrêté valable du 10/08/2022 au 31/10/2022
Grigny (69520),Vigilance,zone : ZONE 5 (eaux souterraines)<br>arrêté valable du 10/08/2022 au 31/10/2022
Grézieu-la-Varenne (69290),Crise,zone : ZONE 5 (eaux superficielles)<br>arrêté valable du 10/08/2022 au 31/10/2022
Grézieu-la-Varenne (69290),Vigilance,zone : ZONE 5 (eaux souterraines)<br>arrêté valable du 10/08/2022 au 31/10/2022
Grézieu-le-Marché (69610),Crise,zone : ZONE 3 (eaux superficielles)<br>arrêté valable du 10/08/2022 au 31/10/2022
Haute-Rivoire (69610),Crise,zone : ZONE 3 (eaux superficielles)<br>arrêté valable du 10/08/2022 au 31/10/2022
Irigny (69540),Crise,zone : ZONE 5 (eaux superficielles)<br>arrêté valable du 10/08/2022 au 31/10/2022
Irigny (69540),Vigilance,zone : ZONE 5 (eaux souterraines)<br>arrêté valable du 10/08/2022 au 31/10/2022
Jonage (69330),Alerte renforcée,zone : ZONE 9 (eaux superficielles)<br>arrêté valable du 10/08/2022 au 31/10/2022
Jonage (69330),Vigilance,zone : ZONE 9 (eaux souterraines)<br>arrêté valable du 10/08/2022 au 31/10/2022
Jons (69330),Alerte renforcée,zone : ZONE 9 (eaux superficielles)<br>arrêté valable du 10/08/2022 au 31/10/2022
Jons (69330),Vigilance,zone : ZONE 9 (eaux souterraines)<br>arrêté valable du 10/08/2022 au 31/10/2022
Joux (69170),Crise,zone : ZONE 3 (eaux superficielles)<br>arrêté valable du 10/08/2022 au 31/10/2022
Juliénas (69840),Crise,zone : ZONE 1 (eaux superficielles)<br>arrêté valable du 10/08/2022 au 31/10/2022
Jullié (69840),Crise,zone : ZONE 1 (eaux superficielles)<br>arrêté valable du 10/08/2022 au 31/10/2022
L'Arbresle (69210),Crise,zone : ZONE 3 (eaux superficielles)<br>arrêté valable du 10/08/2022 au 31/10/2022
La Chapelle-sur-Coise (69590),Crise,zone : ZONE 3 (eaux superficielles)<br>arrêté valable du 10/08/2022 au 31/10/2022
La Mulatière (69350),Crise,zone : ZONE 4 (eaux superficielles)<br>arrêté valable du 10/08/2022 au 31/10/2022
La Mulatière (69350),Crise,zone : ZONE 5 (eaux superficielles)<br>arrêté valable du 10/08/2022 au 31/10/2022
La Mulatière (69350),Vigilance,zone : ZONE 5 (eaux souterraines)<br>arrêté valable du 10/08/2022 au 31/10/2022
La Tour-de-Salvagny (69890),Crise,zone : ZONE 4 (eaux superficielles)<br>arrêté valable du 10/08/2022 au 31/10/2022
La Tour-de-Salvagny (69890),Crise,zone : ZONE 5 (eaux superficielles)<br>arrêté valable du 10/08/2022 au 31/10/2022
La Tour-de-Salvagny (69890),Vigilance,zone : ZONE 5 (eaux souterraines)<br>arrêté valable du 10/08/2022 au 31/10/2022
Lacenas (69640),Crise,zone : ZONE 1 (eaux superficielles)<br>arrêté valable du 10/08/2022 au 31/10/2022
Lachassagne (69480),Crise,zone : ZONE 1 (eaux superficielles)<br>arrêté valable du 10/08/2022 au 31/10/2022
Lamure-sur-Azergues (69870),Crise,zone : ZONE 1 (eaux superficielles)<br>arrêté valable du 10/08/2022 au 31/10/2022
Lancié (69220),Crise,zone : ZONE 1 (eaux superficielles)<br>arrêté valable du 10/08/2022 au 31/10/2022
Lantignié (69430),Crise,zone : ZONE 1 (eaux superficielles)<br>arrêté valable du 10/08/2022 au 31/10/2022
Larajasse (69590),Crise,zone : ZONE 3 (eaux superficielles)<br>arrêté valable du 10/08/2022 au 31/10/2022
Le Breuil (69620),Crise,zone : ZONE 1 (eaux superficielles)<br>arrêté valable du 10/08/2022 au 31/10/2022
Le Perréon (69460),Crise,zone : ZONE 1 (eaux superficielles)<br>arrêté valable du 10/08/2022 au 31/10/2022
Lentilly (69210),Crise,zone : ZONE 5 (eaux superficielles)<br>arrêté valable du 10/08/2022 au 31/10/2022
Lentilly (69210),Vigilance,zone : ZONE 5 (eaux souterraines)<br>arrêté valable du 10/08/2022 au 31/10/2022
Les Ardillats (69430),Crise,zone : ZONE 1 (eaux superficielles)<br>arrêté valable du 10/08/2022 au 31/10/2022
Les Chères (69380),Crise,zone : ZONE 2 - axe Saône (eaux superficielles)<br>arrêté valable du 10/08/2022 au 31/10/2022
Les Chères (69380),Crise,zone : ZONE 2 - axe Saône (eaux souterraines)<br>arrêté valable du 10/08/2022 au 31/10/2022
Les Haies (69420),Alerte renforcée,zone : ZONE 6 (eaux superficielles)<br>arrêté valable du 10/08/2022 au 31/10/2022
Les Halles (69610),Crise,zone : ZONE 3 (eaux superficielles)<br>arrêté valable du 10/08/2022 au 31/10/2022
Les Sauvages (69170),Crise,zone : ZONE 1 (eaux superficielles)<br>arrêté valable du 10/08/2022 au 31/10/2022
Limas (69400),Crise,zone : ZONE 2 - axe Saône (eaux superficielles)<br>arrêté valable du 10/08/2022 au 31/10/2022
Limas (69400),Crise,zone : ZONE 2 - axe Saône (eaux souterraines)<br>arrêté valable du 10/08/2022 au 31/10/2022
Limas (69400),Crise,zone : ZONE 1 (eaux superficielles)<br>arrêté valable du 10/08/2022 au 31/10/2022
Limonest (69760),Crise,zone : ZONE 4 (eaux superficielles)<br>arrêté valable du 10/08/2022 au 31/10/2022
Lissieu (69380),Crise,zone : ZONE 1 (eaux superficielles)<br>arrêté valable du 10/08/2022 au 31/10/2022
Lissieu (69380),Crise,zone : ZONE 4 (eaux superficielles)<br>arrêté valable du 10/08/2022 au 31/10/2022
Loire-sur-Rhône (69700),Alerte renforcée,zone : ZONE 6 (eaux superficielles)<br>arrêté valable du 10/08/2022 au 31/10/2022
Longes (69420),Alerte renforcée,zone : ZONE 6 (eaux superficielles)<br>arrêté valable du 10/08/2022 au 31/10/2022
Longessaigne (69770),Crise,zone : ZONE 3 (eaux superficielles)<br>arrêté valable du 10/08/2022 au 31/10/2022
Lozanne (69380),Crise,zone : ZONE 1 (eaux superficielles)<br>arrêté valable du 10/08/2022 au 31/10/2022
Lucenay (69480),Crise,zone : ZONE 1 (eaux superficielles)<br>arrêté valable du 10/08/2022 au 31/10/2022
"Lyon (69001, 69002, 69003, 69004, 69005, 69006, 69007, 69008, 69009)",Crise,zone : ZONE 4 (eaux superficielles)<br>arrêté valable du 10/08/2022 au 31/10/2022
Légny (69620),Crise,zone : ZONE 1 (eaux superficielles)<br>arrêté valable du 10/08/2022 au 31/10/2022
Létra (69620),Crise,zone : ZONE 1 (eaux superficielles)<br>arrêté valable du 10/08/2022 au 31/10/2022
Marchampt (69430),Crise,zone : ZONE 1 (eaux superficielles)<br>arrêté valable du 10/08/2022 au 31/10/2022
Marcilly-d'Azergues (69380),Crise,zone : ZONE 1 (eaux superficielles)<br>arrêté valable du 10/08/2022 au 31/10/2022
Marcy (69480),Crise,zone : ZONE 1 (eaux superficielles)<br>arrêté valable du 10/08/2022 au 31/10/2022
Marcy-l'Étoile (69280),Crise,zone : ZONE 5 (eaux superficielles)<br>arrêté valable du 10/08/2022 au 31/10/2022
Marcy-l'Étoile (69280),Vigilance,zone : ZONE 5 (eaux souterraines)<br>arrêté valable du 10/08/2022 au 31/10/2022
Marennes (69970),Alerte renforcée,zone : ZONE 7 (eaux superficielles)<br>arrêté valable du 10/08/2022 au 31/10/2022
Marennes (69970),Vigilance,zone : ZONE 7 (eaux souterraines)<br>arrêté valable du 10/08/2022 au 31/10/2022
Meaux-la-Montagne (69550),Crise,zone : ZONE 1 (eaux superficielles)<br>arrêté valable du 10/08/2022 au 31/10/2022
Messimy (69510),Crise,zone : ZONE 5 (eaux superficielles)<br>arrêté valable du 10/08/2022 au 31/10/2022
Messimy (69510),Vigilance,zone : ZONE 5 (eaux souterraines)<br>arrêté valable du 10/08/2022 au 31/10/2022
Meys (69610),Crise,zone : ZONE 3 (eaux superficielles)<br>arrêté valable du 10/08/2022 au 31/10/2022
Meyzieu (69330),Alerte renforcée,zone : ZONE 9 (eaux superficielles)<br>arrêté valable du 10/08/2022 au 31/10/2022
Meyzieu (69330),Vigilance,zone : ZONE 9 (eaux souterraines)<br>arrêté valable du 10/08/2022 au 31/10/2022
Millery (69390),Crise,zone : ZONE 5 (eaux superficielles)<br>arrêté valable du 10/08/2022 au 31/10/2022
Millery (69390),Vigilance,zone : ZONE 5 (eaux souterraines)<br>arrêté valable du 10/08/2022 au 31/10/2022
Mions (69780),Alerte renforcée,zone : ZONE 7 (eaux superficielles)<br>arrêté valable du 10/08/2022 au 31/10/2022
Mions (69780),Vigilance,zone : ZONE 7 (eaux souterraines)<br>arrêté valable du 10/08/2022 au 31/10/2022
Moiré (69620),Crise,zone : ZONE 1 (eaux superficielles)<br>arrêté valable du 10/08/2022 au 31/10/2022
Montagny (69700),Crise,zone : ZONE 5 (eaux superficielles)<br>arrêté valable du 10/08/2022 au 31/10/2022
Montagny (69700),Vigilance,zone : ZONE 5 (eaux souterraines)<br>arrêté valable du 10/08/2022 au 31/10/2022
Montanay (69250),Crise,zone : ZONE 2 - axe Saône (eaux superficielles)<br>arrêté valable du 10/08/2022 au 31/10/2022
Montanay (69250),Crise,zone : ZONE 2 - axe Saône (eaux souterraines)<br>arrêté valable du 10/08/2022 au 31/10/2022
Montanay (69250),Crise,zone : ZONE 4 (eaux superficielles)<br>arrêté valable du 10/08/2022 au 31/10/2022
Montmelas-Saint-Sorlin (69640),Crise,zone : ZONE 1 (eaux superficielles)<br>arrêté valable du 10/08/2022 au 31/10/2022
Montromant (69610),Crise,zone : ZONE 3 (eaux superficielles)<br>arrêté valable du 10/08/2022 au 31/10/2022
Montrottier (69770),Crise,zone : ZONE 3 (eaux superficielles)<br>arrêté valable du 10/08/2022 au 31/10/2022
Morancé (69480),Crise,zone : ZONE 1 (eaux superficielles)<br>arrêté valable du 10/08/2022 au 31/10/2022
Mornant (69440),Crise,zone : ZONE 5 (eaux superficielles)<br>arrêté valable du 10/08/2022 au 31/10/2022
Mornant (69440),Vigilance,zone : ZONE 5 (eaux souterraines)<br>arrêté valable du 10/08/2022 au 31/10/2022
Neuville-sur-Saône (69250),Crise,zone : ZONE 2 - axe Saône (eaux superficielles)<br>arrêté valable du 10/08/2022 au 31/10/2022
Neuville-sur-Saône (69250),Crise,zone : ZONE 2 - axe Saône (eaux souterraines)<br>arrêté valable du 10/08/2022 au 31/10/2022
Odenas (69460),Crise,zone : ZONE 1 (eaux superficielles)<br>arrêté valable du 10/08/2022 au 31/10/2022
Orliénas (69530),Crise,zone : ZONE 5 (eaux superficielles)<br>arrêté valable du 10/08/2022 au 31/10/2022
Orliénas (69530),Vigilance,zone : ZONE 5 (eaux souterraines)<br>arrêté valable du 10/08/2022 au 31/10/2022
Oullins (69600),Crise,zone : ZONE 5 (eaux superficielles)<br>arrêté valable du 10/08/2022 au 31/10/2022
Oullins (69600),Vigilance,zone : ZONE 5 (eaux souterraines)<br>arrêté valable du 10/08/2022 au 31/10/2022
Pierre-Bénite (69310),Crise,zone : ZONE 5 (eaux superficielles)<br>arrêté valable du 10/08/2022 au 31/10/2022
Pierre-Bénite (69310),Vigilance,zone : ZONE 5 (eaux souterraines)<br>arrêté valable du 10/08/2022 au 31/10/2022
Poleymieux-au-Mont-d'Or (69250),Crise,zone : ZONE 4 (eaux superficielles)<br>arrêté valable du 10/08/2022 au 31/10/2022
Pollionnay (69290),Crise,zone : ZONE 5 (eaux superficielles)<br>arrêté valable du 10/08/2022 au 31/10/2022
Pollionnay (69290),Vigilance,zone : ZONE 5 (eaux souterraines)<br>arrêté valable du 10/08/2022 au 31/10/2022
Pomeys (69590),Crise,zone : ZONE 3 (eaux superficielles)<br>arrêté valable du 10/08/2022 au 31/10/2022
Pommiers (69480),Crise,zone : ZONE 1 (eaux superficielles)<br>arrêté valable du 10/08/2022 au 31/10/2022
"Porte des Pierres Dorées (69400, 69640)",Crise,zone : ZONE 1 (eaux superficielles)<br>arrêté valable du 10/08/2022 au 31/10/2022
Poule-les-Écharmeaux (69870),Crise,zone : ZONE 1 (eaux superficielles)<br>arrêté valable du 10/08/2022 au 31/10/2022
Propières (69790),Crise,zone : ZONE 1 (eaux superficielles)<br>arrêté valable du 10/08/2022 au 31/10/2022
Pusignan (69330),Alerte renforcée,zone : ZONE 9 (eaux superficielles)<br>arrêté valable du 10/08/2022 au 31/10/2022
Pusignan (69330),Vigilance,zone : ZONE 9 (eaux souterraines)<br>arrêté valable du 10/08/2022 au 31/10/2022
Quincieux (69650),Crise,zone : ZONE 2 - axe Saône (eaux superficielles)<br>arrêté valable du 10/08/2022 au 31/10/2022
Quincieux (69650),Crise,zone : ZONE 2 - axe Saône (eaux souterraines)<br>arrêté valable du 10/08/2022 au 31/10/2022
Quincié-en-Beaujolais (69430),Crise,zone : ZONE 1 (eaux superficielles)<br>arrêté valable du 10/08/2022 au 31/10/2022
Ranchal (69470),Crise,zone : ZONE 1 (eaux superficielles)<br>arrêté valable du 10/08/2022 au 31/10/2022
Rillieux-la-Pape (69140),Crise,zone : ZONE 4 (eaux superficielles)<br>arrêté valable du 10/08/2022 au 31/10/2022
Riverie (69440),Crise,zone : ZONE 3 (eaux superficielles)<br>arrêté valable du 10/08/2022 au 31/10/2022
Rivolet (69640),Crise,zone : ZONE 1 (eaux superficielles)<br>arrêté valable du 10/08/2022 au 31/10/2022
Rochetaillée-sur-Saône (69270),Crise,zone : ZONE 2 - axe Saône (eaux superficielles)<br>arrêté valable du 10/08/2022 au 31/10/2022
Rochetaillée-sur-Saône (69270),Crise,zone : ZONE 2 - axe Saône (eaux souterraines)<br>arrêté valable du 10/08/2022 au 31/10/2022
Rochetaillée-sur-Saône (69270),Crise,zone : ZONE 4 (eaux superficielles)<br>arrêté valable du 10/08/2022 au 31/10/2022
Ronno (69550),Crise,zone : ZONE 1 (eaux superficielles)<br>arrêté valable du 10/08/2022 au 31/10/2022
Rontalon (69510),Crise,zone : ZONE 5 (eaux superficielles)<br>arrêté valable du 10/08/2022 au 31/10/2022
Rontalon (69510),Vigilance,zone : ZONE 5 (eaux souterraines)<br>arrêté valable du 10/08/2022 au 31/10/2022
Régnié-Durette (69430),Crise,zone : ZONE 1 (eaux superficielles)<br>arrêté valable du 10/08/2022 au 31/10/2022
Sain-Bel (69210),Crise,zone : ZONE 3 (eaux superficielles)<br>arrêté valable du 10/08/2022 au 31/10/2022
Saint-André-la-Côte (69440),Crise,zone : ZONE 3 (eaux superficielles)<br>arrêté valable du 10/08/2022 au 31/10/2022
Saint-André-la-Côte (69440),Crise,zone : ZONE 5 (eaux superficielles)<br>arrêté valable du 10/08/2022 au 31/10/2022
Saint-André-la-Côte (69440),Vigilance,zone : ZONE 5 (eaux souterraines)<br>arrêté valable du 10/08/2022 au 31/10/2022
Saint-Appolinaire (69170),Crise,zone : ZONE 1 (eaux superficielles)<br>arrêté valable du 10/08/2022 au 31/10/2022
Saint-Bonnet-de-Mure (69720),Alerte renforcée,zone : ZONE 7 (eaux superficielles)<br>arrêté valable du 10/08/2022 au 31/10/2022
Saint-Bonnet-de-Mure (69720),Alerte renforcée,zone : ZONE 8 (eaux superficielles)<br>arrêté valable du 10/08/2022 au 31/10/2022
Saint-Bonnet-de-Mure (69720),Alerte renforcée,zone : ZONE 9 (eaux superficielles)<br>arrêté valable du 10/08/2022 au 31/10/2022
Saint-Bonnet-de-Mure (69720),Vigilance,zone : ZONE 7 (eaux souterraines)<br>arrêté valable du 10/08/2022 au 31/10/2022
Saint-Bonnet-de-Mure (69720),Vigilance,zone : ZONE 8 (eaux souterraines)<br>arrêté valable du 10/08/2022 au 31/10/2022
Saint-Bonnet-de-Mure (69720),Vigilance,zone : ZONE 9 (eaux souterraines)<br>arrêté valable du 10/08/2022 au 31/10/2022
Saint-Bonnet-des-Bruyères (69790),Crise,zone : ZONE 1 (eaux superficielles)<br>arrêté valable du 10/08/2022 au 31/10/2022
Saint-Bonnet-le-Troncy (69870),Crise,zone : ZONE 1 (eaux superficielles)<br>arrêté valable du 10/08/2022 au 31/10/2022
Saint-Clément-de-Vers (69790),Crise,zone : ZONE 1 (eaux superficielles)<br>arrêté valable du 10/08/2022 au 31/10/2022
Saint-Clément-les-Places (69930),Crise,zone : ZONE 3 (eaux superficielles)<br>arrêté valable du 10/08/2022 au 31/10/2022
Saint-Clément-sur-Valsonne (69170),Crise,zone : ZONE 1 (eaux superficielles)<br>arrêté valable du 10/08/2022 au 31/10/2022
Saint-Cyr-au-Mont-d'Or (69450),Crise,zone : ZONE 4 (eaux superficielles)<br>arrêté valable du 10/08/2022 au 31/10/2022
Saint-Cyr-le-Chatoux (69870),Crise,zone : ZONE 1 (eaux superficielles)<br>arrêté valable du 10/08/2022 au 31/10/2022
Saint-Cyr-sur-le-Rhône (69560),Alerte renforcée,zone : ZONE 6 (eaux superficielles)<br>arrêté valable du 10/08/2022 au 31/10/2022
Saint-Didier-au-Mont-d'Or (69370),Crise,zone : ZONE 4 (eaux superficielles)<br>arrêté valable du 10/08/2022 au 31/10/2022
Saint-Didier-sur-Beaujeu (69430),Crise,zone : ZONE 1 (eaux superficielles)<br>arrêté valable du 10/08/2022 au 31/10/2022
Saint-Fons (69190),Alerte renforcée,zone : ZONE 7 (eaux superficielles)<br>arrêté valable du 10/08/2022 au 31/10/2022
Saint-Fons (69190),Vigilance,zone : ZONE 7 (eaux souterraines)<br>arrêté valable du 10/08/2022 au 31/10/2022
Saint-Forgeux (69490),Crise,zone : ZONE 3 (eaux superficielles)<br>arrêté valable du 10/08/2022 au 31/10/2022
Saint-Genis-Laval (69230),Crise,zone : ZONE 5 (eaux superficielles)<br>arrêté valable du 10/08/2022 au 31/10/2022
Saint-Genis-Laval (69230),Vigilance,zone : ZONE 5 (eaux souterraines)<br>arrêté valable du 10/08/2022 au 31/10/2022
Saint-Genis-l'Argentière (69610),Crise,zone : ZONE 3 (eaux superficielles)<br>arrêté valable du 10/08/2022 au 31/10/2022
Saint-Genis-les-Ollières (69290),Crise,zone : ZONE 5 (eaux superficielles)<br>arrêté valable du 10/08/2022 au 31/10/2022
Saint-Genis-les-Ollières (69290),Vigilance,zone : ZONE 5 (eaux souterraines)<br>arrêté valable du 10/08/2022 au 31/10/2022
Saint-Georges-de-Reneins (69830),Crise,zone : ZONE 2 - axe Saône (eaux superficielles)<br>arrêté valable du 10/08/2022 au 31/10/2022
Saint-Georges-de-Reneins (69830),Crise,zone : ZONE 2 - axe Saône (eaux souterraines)<br>arrêté valable du 10/08/2022 au 31/10/2022
Saint-Germain-Nuelles (69210),Crise,zone : ZONE 3 (eaux superficielles)<br>arrêté valable du 10/08/2022 au 31/10/2022
Saint-Germain-au-Mont-d'Or (69650),Crise,zone : ZONE 2 - axe Saône (eaux superficielles)<br>arrêté valable du 10/08/2022 au 31/10/2022
Saint-Germain-au-Mont-d'Or (69650),Crise,zone : ZONE 2 - axe Saône (eaux souterraines)<br>arrêté valable du 10/08/2022 au 31/10/2022
Saint-Germain-au-Mont-d'Or (69650),Crise,zone : ZONE 4 (eaux superficielles)<br>arrêté valable du 10/08/2022 au 31/10/2022
Saint-Igny-de-Vers (69790),Crise,zone : ZONE 1 (eaux superficielles)<br>arrêté valable du 10/08/2022 au 31/10/2022
Saint-Jean-des-Vignes (69380),Crise,zone : ZONE 1 (eaux superficielles)<br>arrêté valable du 10/08/2022 au 31/10/2022
Saint-Jean-la-Bussière (69550),Crise,zone : ZONE 1 (eaux superficielles)<br>arrêté valable du 10/08/2022 au 31/10/2022
Saint-Julien (69640),Crise,zone : ZONE 1 (eaux superficielles)<br>arrêté valable du 10/08/2022 au 31/10/2022
Saint-Julien-sur-Bibost (69690),Crise,zone : ZONE 3 (eaux superficielles)<br>arrêté valable du 10/08/2022 au 31/10/2022
Saint-Just-d'Avray (69870),Crise,zone : ZONE 1 (eaux superficielles)<br>arrêté valable du 10/08/2022 au 31/10/2022
Saint-Lager (69220),Crise,zone : ZONE 1 (eaux superficielles)<br>arrêté valable du 10/08/2022 au 31/10/2022
Saint-Laurent-d'Agny (69440),Crise,zone : ZONE 5 (eaux superficielles)<br>arrêté valable du 10/08/2022 au 31/10/2022
Saint-Laurent-d'Agny (69440),Vigilance,zone : ZONE 5 (eaux souterraines)<br>arrêté valable du 10/08/2022 au 31/10/2022
Saint-Laurent-de-Chamousset (69930),Crise,zone : ZONE 3 (eaux superficielles)<br>arrêté valable du 10/08/2022 au 31/10/2022
Saint-Laurent-de-Mure (69720),Alerte renforcée,zone : ZONE 7 (eaux superficielles)<br>arrêté valable du 10/08/2022 au 31/10/2022
Saint-Laurent-de-Mure (69720),Alerte renforcée,zone : ZONE 8 (eaux superficielles)<br>arrêté valable du 10/08/2022 au 31/10/2022
Saint-Laurent-de-Mure (69720),Alerte renforcée,zone : ZONE 9 (eaux superficielles)<br>arrêté valable du 10/08/2022 au 31/10/2022
Saint-Laurent-de-Mure (69720),Vigilance,zone : ZONE 7 (eaux souterraines)<br>arrêté valable du 10/08/2022 au 31/10/2022
Saint-Laurent-de-Mure (69720),Vigilance,zone : ZONE 8 (eaux souterraines)<br>arrêté valable du 10/08/2022 au 31/10/2022
Saint-Laurent-de-Mure (69720),Vigilance,zone : ZONE 9 (eaux souterraines)<br>arrêté valable du 10/08/2022 au 31/10/2022
Saint-Marcel-l'Éclairé (69170),Crise,zone : ZONE 3 (eaux superficielles)<br>arrêté valable du 10/08/2022 au 31/10/2022
Saint-Martin-en-Haut (69850),Crise,zone : ZONE 3 (eaux superficielles)<br>arrêté valable du 10/08/2022 au 31/10/2022
Saint-Nizier-d'Azergues (69870),Crise,zone : ZONE 1 (eaux superficielles)<br>arrêté valable du 10/08/2022 au 31/10/2022
Saint-Pierre-de-Chandieu (69780),Alerte renforcée,zone : ZONE 7 (eaux superficielles)<br>arrêté valable du 10/08/2022 au 31/10/2022
Saint-Pierre-de-Chandieu (69780),Vigilance,zone : ZONE 7 (eaux souterraines)<br>arrêté valable du 10/08/2022 au 31/10/2022
Saint-Pierre-la-Palud (69210),Crise,zone : ZONE 3 (eaux superficielles)<br>arrêté valable du 10/08/2022 au 31/10/2022
Saint-Priest (69800),Alerte renforcée,zone : ZONE 7 (eaux superficielles)<br>arrêté valable du 10/08/2022 au 31/10/2022
Saint-Priest (69800),Alerte renforcée,zone : ZONE 8 (eaux superficielles)<br>arrêté valable du 10/08/2022 au 31/10/2022
Saint-Priest (69800),Vigilance,zone : ZONE 7 (eaux souterraines)<br>arrêté valable du 10/08/2022 au 31/10/2022
Saint-Priest (69800),Vigilance,zone : ZONE 8 (eaux souterraines)<br>arrêté valable du 10/08/2022 au 31/10/2022
Saint-Romain-au-Mont-d'Or (69270),Crise,zone : ZONE 2 - axe Saône (eaux superficielles)<br>arrêté valable du 10/08/2022 au 31/10/2022
Saint-Romain-au-Mont-d'Or (69270),Crise,zone : ZONE 2 - axe Saône (eaux souterraines)<br>arrêté valable du 10/08/2022 au 31/10/2022
Saint-Romain-au-Mont-d'Or (69270),Crise,zone : ZONE 4 (eaux superficielles)<br>arrêté valable du 10/08/2022 au 31/10/2022
Saint-Romain-de-Popey (69490),Crise,zone : ZONE 3 (eaux superficielles)<br>arrêté valable du 10/08/2022 au 31/10/2022
Saint-Romain-en-Gal (69560),Alerte renforcée,zone : ZONE 6 (eaux superficielles)<br>arrêté valable du 10/08/2022 au 31/10/2022
Saint-Romain-en-Gier (69700),Alerte renforcée,zone : ZONE 6 (eaux superficielles)<br>arrêté valable du 10/08/2022 au 31/10/2022
Saint-Symphorien-d'Ozon (69360),Alerte renforcée,zone : ZONE 7 (eaux superficielles)<br>arrêté valable du 10/08/2022 au 31/10/2022
Saint-Symphorien-d'Ozon (69360),Vigilance,zone : ZONE 7 (eaux souterraines)<br>arrêté valable du 10/08/2022 au 31/10/2022
Saint-Symphorien-sur-Coise (69590),Crise,zone : ZONE 3 (eaux superficielles)<br>arrêté valable du 10/08/2022 au 31/10/2022
Saint-Vincent-de-Reins (69240),Crise,zone : ZONE 1 (eaux superficielles)<br>arrêté valable du 10/08/2022 au 31/10/2022
Saint-Vérand (69620),Crise,zone : ZONE 1 (eaux superficielles)<br>arrêté valable du 10/08/2022 au 31/10/2022
Saint-Étienne-des-Oullières (69460),Crise,zone : ZONE 1 (eaux superficielles)<br>arrêté valable du 10/08/2022 au 31/10/2022
Saint-Étienne-la-Varenne (69460),Crise,zone : ZONE 1 (eaux superficielles)<br>arrêté valable du 10/08/2022 au 31/10/2022
Sainte-Catherine (69440),Crise,zone : ZONE 3 (eaux superficielles)<br>arrêté valable du 10/08/2022 au 31/10/2022
Sainte-Colombe (69560),Alerte renforcée,zone : ZONE 6 (eaux superficielles)<br>arrêté valable du 10/08/2022 au 31/10/2022
Sainte-Consorce (69280),Crise,zone : ZONE 5 (eaux superficielles)<br>arrêté valable du 10/08/2022 au 31/10/2022
Sainte-Consorce (69280),Vigilance,zone : ZONE 5 (eaux souterraines)<br>arrêté valable du 10/08/2022 au 31/10/2022
Sainte-Foy-l'Argentière (69610),Crise,zone : ZONE 3 (eaux superficielles)<br>arrêté valable du 10/08/2022 au 31/10/2022
Sainte-Foy-lès-Lyon (69110),Crise,zone : ZONE 5 (eaux superficielles)<br>arrêté valable du 10/08/2022 au 31/10/2022
Sainte-Foy-lès-Lyon (69110),Vigilance,zone : ZONE 5 (eaux souterraines)<br>arrêté valable du 10/08/2022 au 31/10/2022
Sainte-Paule (69620),Crise,zone : ZONE 1 (eaux superficielles)<br>arrêté valable du 10/08/2022 au 31/10/2022
Salles-Arbuissonnas-en-Beaujolais (69460),Crise,zone : ZONE 1 (eaux superficielles)<br>arrêté valable du 10/08/2022 au 31/10/2022
Sarcey (69490),Crise,zone : ZONE 3 (eaux superficielles)<br>arrêté valable du 10/08/2022 au 31/10/2022
Sathonay-Camp (69580),Crise,zone : ZONE 4 (eaux superficielles)<br>arrêté valable du 10/08/2022 au 31/10/2022
Sathonay-Village (69580),Crise,zone : ZONE 4 (eaux superficielles)<br>arrêté valable du 10/08/2022 au 31/10/2022
Savigny (69210),Crise,zone : ZONE 3 (eaux superficielles)<br>arrêté valable du 10/08/2022 au 31/10/2022
Simandres (69360),Alerte renforcée,zone : ZONE 7 (eaux superficielles)<br>arrêté valable du 10/08/2022 au 31/10/2022
Simandres (69360),Vigilance,zone : ZONE 7 (eaux souterraines)<br>arrêté valable du 10/08/2022 au 31/10/2022
Solaize (69360),Alerte renforcée,zone : ZONE 7 (eaux superficielles)<br>arrêté valable du 10/08/2022 au 31/10/2022
Solaize (69360),Vigilance,zone : ZONE 7 (eaux souterraines)<br>arrêté valable du 10/08/2022 au 31/10/2022
Soucieu-en-Jarrest (69510),Crise,zone : ZONE 5 (eaux superficielles)<br>arrêté valable du 10/08/2022 au 31/10/2022
Soucieu-en-Jarrest (69510),Vigilance,zone : ZONE 5 (eaux souterraines)<br>arrêté valable du 10/08/2022 au 31/10/2022
Sourcieux-les-Mines (69210),Crise,zone : ZONE 3 (eaux superficielles)<br>arrêté valable du 10/08/2022 au 31/10/2022
Souzy (69610),Crise,zone : ZONE 3 (eaux superficielles)<br>arrêté valable du 10/08/2022 au 31/10/2022
Sérézin-du-Rhône (69360),Alerte renforcée,zone : ZONE 7 (eaux superficielles)<br>arrêté valable du 10/08/2022 au 31/10/2022
Sérézin-du-Rhône (69360),Vigilance,zone : ZONE 7 (eaux souterraines)<br>arrêté valable du 10/08/2022 au 31/10/2022
Taluyers (69440),Crise,zone : ZONE 5 (eaux superficielles)<br>arrêté valable du 10/08/2022 au 31/10/2022
Taluyers (69440),Vigilance,zone : ZONE 5 (eaux souterraines)<br>arrêté valable du 10/08/2022 au 31/10/2022
Taponas (69220),Crise,zone : ZONE 2 - axe Saône (eaux superficielles)<br>arrêté valable du 10/08/2022 au 31/10/2022
Taponas (69220),Crise,zone : ZONE 2 - axe Saône (eaux souterraines)<br>arrêté valable du 10/08/2022 au 31/10/2022
Tarare (69170),Crise,zone : ZONE 3 (eaux superficielles)<br>arrêté valable du 10/08/2022 au 31/10/2022
Tassin-la-Demi-Lune (69160),Crise,zone : ZONE 5 (eaux superficielles)<br>arrêté valable du 10/08/2022 au 31/10/2022
Tassin-la-Demi-Lune (69160),Vigilance,zone : ZONE 5 (eaux souterraines)<br>arrêté valable du 10/08/2022 au 31/10/2022
Ternand (69620),Crise,zone : ZONE 1 (eaux superficielles)<br>arrêté valable du 10/08/2022 au 31/10/2022
Ternay (69360),Alerte renforcée,zone : ZONE 7 (eaux superficielles)<br>arrêté valable du 10/08/2022 au 31/10/2022
Ternay (69360),Vigilance,zone : ZONE 7 (eaux souterraines)<br>arrêté valable du 10/08/2022 au 31/10/2022
Theizé (69620),Crise,zone : ZONE 1 (eaux superficielles)<br>arrêté valable du 10/08/2022 au 31/10/2022
Thizy-les-Bourgs (69240),Crise,zone : ZONE 1 (eaux superficielles)<br>arrêté valable du 10/08/2022 au 31/10/2022
Thurins (69510),Crise,zone : ZONE 5 (eaux superficielles)<br>arrêté valable du 10/08/2022 au 31/10/2022
Thurins (69510),Vigilance,zone : ZONE 5 (eaux souterraines)<br>arrêté valable du 10/08/2022 au 31/10/2022
Toussieu (69780),Alerte renforcée,zone : ZONE 7 (eaux superficielles)<br>arrêté valable du 10/08/2022 au 31/10/2022
Toussieu (69780),Vigilance,zone : ZONE 7 (eaux souterraines)<br>arrêté valable du 10/08/2022 au 31/10/2022
Trèves (69420),Alerte renforcée,zone : ZONE 6 (eaux superficielles)<br>arrêté valable du 10/08/2022 au 31/10/2022
Tupin-et-Semons (69420),Alerte renforcée,zone : ZONE 6 (eaux superficielles)<br>arrêté valable du 10/08/2022 au 31/10/2022
Val d'Oingt (69620),Crise,zone : ZONE 1 (eaux superficielles)<br>arrêté valable du 10/08/2022 au 31/10/2022
Valsonne (69170),Crise,zone : ZONE 1 (eaux superficielles)<br>arrêté valable du 10/08/2022 au 31/10/2022
Vaugneray (69670),Crise,zone : ZONE 5 (eaux superficielles)<br>arrêté valable du 10/08/2022 au 31/10/2022
Vaugneray (69670),Vigilance,zone : ZONE 5 (eaux souterraines)<br>arrêté valable du 10/08/2022 au 31/10/2022
Vaulx-en-Velin (69120),Alerte renforcée,zone : ZONE 8 (eaux superficielles)<br>arrêté valable du 10/08/2022 au 31/10/2022
Vaulx-en-Velin (69120),Vigilance,zone : ZONE 8 (eaux souterraines)<br>arrêté valable du 10/08/2022 au 31/10/2022
Vaux-en-Beaujolais (69460),Crise,zone : ZONE 1 (eaux superficielles)<br>arrêté valable du 10/08/2022 au 31/10/2022
Vauxrenard (69820),Crise,zone : ZONE 1 (eaux superficielles)<br>arrêté valable du 10/08/2022 au 31/10/2022
Vernaison (69390),Crise,zone : ZONE 5 (eaux superficielles)<br>arrêté valable du 10/08/2022 au 31/10/2022
Vernaison (69390),Vigilance,zone : ZONE 5 (eaux souterraines)<br>arrêté valable du 10/08/2022 au 31/10/2022
Vernay (69430),Crise,zone : ZONE 1 (eaux superficielles)<br>arrêté valable du 10/08/2022 au 31/10/2022
Ville-sur-Jarnioux (69640),Crise,zone : ZONE 1 (eaux superficielles)<br>arrêté valable du 10/08/2022 au 31/10/2022
Villechenève (69770),Crise,zone : ZONE 3 (eaux superficielles)<br>arrêté valable du 10/08/2022 au 31/10/2022
Villefranche-sur-Saône (69400),Crise,zone : ZONE 2 - axe Saône (eaux superficielles)<br>arrêté valable du 10/08/2022 au 31/10/2022
Villefranche-sur-Saône (69400),Crise,zone : ZONE 2 - axe Saône (eaux souterraines)<br>arrêté valable du 10/08/2022 au 31/10/2022
Villeurbanne (69100),Alerte renforcée,zone : ZONE 8 (eaux superficielles)<br>arrêté valable du 10/08/2022 au 31/10/2022
Villeurbanne (69100),Vigilance,zone : ZONE 8 (eaux souterraines)<br>arrêté valable du 10/08/2022 au 31/10/2022
Villié-Morgon (69910),Crise,zone : ZONE 1 (eaux superficielles)<br>arrêté valable du 10/08/2022 au 31/10/2022
Vindry-sur-Turdine (69490),Crise,zone : ZONE 1 (eaux superficielles)<br>arrêté valable du 10/08/2022 au 31/10/2022
Vindry-sur-Turdine (69490),Crise,zone : ZONE 3 (eaux superficielles)<br>arrêté valable du 10/08/2022 au 31/10/2022
Vourles (69390),Crise,zone : ZONE 5 (eaux superficielles)<br>arrêté valable du 10/08/2022 au 31/10/2022
Vourles (69390),Vigilance,zone : ZONE 5 (eaux souterraines)<br>arrêté valable du 10/08/2022 au 31/10/2022
Vénissieux (69200),Alerte renforcée,zone : ZONE 7 (eaux superficielles)<br>arrêté valable du 10/08/2022 au 31/10/2022
Vénissieux (69200),Vigilance,zone : ZONE 7 (eaux souterraines)<br>arrêté valable du 10/08/2022 au 31/10/2022
Yzeron (69510),Crise,zone : ZONE 5 (eaux superficielles)<br>arrêté valable du 10/08/2022 au 31/10/2022
Yzeron (69510),Vigilance,zone : ZONE 5 (eaux souterraines)<br>arrêté valable du 10/08/2022 au 31/10/2022
Échalas (69700),Alerte renforcée,zone : ZONE 6 (eaux superficielles)<br>arrêté valable du 10/08/2022 au 31/10/2022
Écully (69130),Crise,zone : ZONE 4 (eaux superficielles)<br>arrêté valable du 10/08/2022 au 31/10/2022
Émeringes (69840),Crise,zone : ZONE 1 (eaux superficielles)<br>arrêté valable du 10/08/2022 au 31/10/2022
Éveux (69210),Crise,zone : ZONE 3 (eaux superficielles)<br>arrêté valable du 10/08/2022 au 31/10/2022
Aiguebelette-le-Lac (73610),Crise,zone : Flon – Aiguebelette (eaux superficielles)<br>arrêté valable du 16/09/2022 au 31/10/2022
Aiguebelette-le-Lac (73610),Crise,zone : Flon – Aiguebelette (eaux souterraines)<br>arrêté valable du 16/09/2022 au 31/10/2022
Aillon-le-Jeune (73340),Crise,zone : Chéran (eaux superficielles)<br>arrêté valable du 16/09/2022 au 31/10/2022
Aillon-le-Jeune (73340),Crise,zone : Chéran (eaux souterraines)<br>arrêté valable du 16/09/2022 au 31/10/2022
Aillon-le-Vieux (73340),Crise,zone : Chéran (eaux superficielles)<br>arrêté valable du 16/09/2022 au 31/10/2022
Aillon-le-Vieux (73340),Crise,zone : Chéran (eaux souterraines)<br>arrêté valable du 16/09/2022 au 31/10/2022
Aime-la-Plagne (73210),Alerte,zone : Tarentaise (eaux superficielles)<br>arrêté valable du 16/09/2022 au 31/10/2022
Aime-la-Plagne (73210),Alerte,zone : Tarentaise (eaux souterraines)<br>arrêté valable du 16/09/2022 au 31/10/2022
Aiton (73220),Alerte renforcée,zone : Combe de Savoie – Val Gelon (eaux superficielles)<br>arrêté valable du 16/09/2022 au 31/10/2022
Aiton (73220),Alerte renforcée,zone : Combe de Savoie – Val Gelon (eaux souterraines)<br>arrêté valable du 16/09/2022 au 31/10/2022
Aix-les-Bains (73100),Crise,zone : Lac du Bourget – Albanais (eaux superficielles)<br>arrêté valable du 16/09/2022 au 31/10/2022
Aix-les-Bains (73100),Crise,zone : Lac du Bourget – Albanais (eaux souterraines)<br>arrêté valable du 16/09/2022 au 31/10/2022
Albertville (73200),Alerte renforcée,zone : Combe de Savoie – Val Gelon (eaux superficielles)<br>arrêté valable du 16/09/2022 au 31/10/2022
Albertville (73200),Alerte renforcée,zone : Combe de Savoie – Val Gelon (eaux souterraines)<br>arrêté valable du 16/09/2022 au 31/10/2022
Albiez-Montrond (73300),Alerte,zone : Maurienne (eaux superficielles)<br>arrêté valable du 16/09/2022 au 31/10/2022
Albiez-Montrond (73300),Alerte,zone : Maurienne (eaux souterraines)<br>arrêté valable du 16/09/2022 au 31/10/2022
Albiez-le-Jeune (73300),Alerte,zone : Maurienne (eaux superficielles)<br>arrêté valable du 16/09/2022 au 31/10/2022
Albiez-le-Jeune (73300),Alerte,zone : Maurienne (eaux souterraines)<br>arrêté valable du 16/09/2022 au 31/10/2022
Allondaz (73200),Alerte renforcée,zone : Combe de Savoie – Val Gelon (eaux superficielles)<br>arrêté valable du 16/09/2022 au 31/10/2022
Allondaz (73200),Alerte renforcée,zone : Combe de Savoie – Val Gelon (eaux souterraines)<br>arrêté valable du 16/09/2022 au 31/10/2022
Apremont (73190),Alerte renforcée,zone : Combe de Savoie – Val Gelon (eaux superficielles)<br>arrêté valable du 16/09/2022 au 31/10/2022
Apremont (73190),Alerte renforcée,zone : Combe de Savoie – Val Gelon (eaux souterraines)<br>arrêté valable du 16/09/2022 au 31/10/2022
Arbin (73800),Alerte renforcée,zone : Combe de Savoie – Val Gelon (eaux superficielles)<br>arrêté valable du 16/09/2022 au 31/10/2022
Arbin (73800),Alerte renforcée,zone : Combe de Savoie – Val Gelon (eaux souterraines)<br>arrêté valable du 16/09/2022 au 31/10/2022
Argentine (73220),Alerte,zone : Maurienne (eaux superficielles)<br>arrêté valable du 16/09/2022 au 31/10/2022
Argentine (73220),Alerte,zone : Maurienne (eaux souterraines)<br>arrêté valable du 16/09/2022 au 31/10/2022
Arith (73340),Crise,zone : Chéran (eaux superficielles)<br>arrêté valable du 16/09/2022 au 31/10/2022
Arith (73340),Crise,zone : Chéran (eaux souterraines)<br>arrêté valable du 16/09/2022 au 31/10/2022
Arvillard (73110),Alerte renforcée,zone : Combe de Savoie – Val Gelon (eaux superficielles)<br>arrêté valable du 16/09/2022 au 31/10/2022
Arvillard (73110),Alerte renforcée,zone : Combe de Savoie – Val Gelon (eaux souterraines)<br>arrêté valable du 16/09/2022 au 31/10/2022
Attignat-Oncin (73610),Alerte renforcée,zone : Guiers – Chartreuse (eaux superficielles)<br>arrêté valable du 16/09/2022 au 31/10/2022
Attignat-Oncin (73610),Alerte renforcée,zone : Guiers – Chartreuse (eaux souterraines)<br>arrêté valable du 16/09/2022 au 31/10/2022
Aussois (73500),Alerte,zone : Maurienne (eaux superficielles)<br>arrêté valable du 16/09/2022 au 31/10/2022
Aussois (73500),Alerte,zone : Maurienne (eaux souterraines)<br>arrêté valable du 16/09/2022 au 31/10/2022
Avressieux (73240),Alerte renforcée,zone : Guiers – Chartreuse (eaux superficielles)<br>arrêté valable du 16/09/2022 au 31/10/2022
Avressieux (73240),Alerte renforcée,zone : Guiers – Chartreuse (eaux souterraines)<br>arrêté valable du 16/09/2022 au 31/10/2022
Avrieux (73500),Alerte,zone : Maurienne (eaux superficielles)<br>arrêté valable du 16/09/2022 au 31/10/2022
Avrieux (73500),Alerte,zone : Maurienne (eaux souterraines)<br>arrêté valable du 16/09/2022 au 31/10/2022
Ayn (73470),Crise,zone : Flon – Aiguebelette (eaux superficielles)<br>arrêté valable du 16/09/2022 au 31/10/2022
Ayn (73470),Crise,zone : Flon – Aiguebelette (eaux souterraines)<br>arrêté valable du 16/09/2022 au 31/10/2022
Barberaz (73000),Crise,zone : Lac du Bourget – Albanais (eaux superficielles)<br>arrêté valable du 16/09/2022 au 31/10/2022
Barberaz (73000),Crise,zone : Lac du Bourget – Albanais (eaux souterraines)<br>arrêté valable du 16/09/2022 au 31/10/2022
Barby (73230),Crise,zone : Lac du Bourget – Albanais (eaux superficielles)<br>arrêté valable du 16/09/2022 au 31/10/2022
Barby (73230),Crise,zone : Lac du Bourget – Albanais (eaux souterraines)<br>arrêté valable du 16/09/2022 au 31/10/2022
Bassens (73000),Crise,zone : Lac du Bourget – Albanais (eaux superficielles)<br>arrêté valable du 16/09/2022 au 31/10/2022
Bassens (73000),Crise,zone : Lac du Bourget – Albanais (eaux souterraines)<br>arrêté valable du 16/09/2022 au 31/10/2022
Beaufort (73270),Alerte renforcée,zone : Beaufortain – Val D'Arly (eaux superficielles)<br>arrêté valable du 16/09/2022 au 31/10/2022
Beaufort (73270),Alerte renforcée,zone : Beaufortain – Val D'Arly (eaux souterraines)<br>arrêté valable du 16/09/2022 au 31/10/2022
Bellecombe-en-Bauges (73340),Crise,zone : Chéran (eaux superficielles)<br>arrêté valable du 16/09/2022 au 31/10/2022
Bellecombe-en-Bauges (73340),Crise,zone : Chéran (eaux souterraines)<br>arrêté valable du 16/09/2022 au 31/10/2022
Belmont-Tramonet (73330),Alerte renforcée,zone : Guiers – Chartreuse (eaux superficielles)<br>arrêté valable du 16/09/2022 au 31/10/2022
Belmont-Tramonet (73330),Alerte renforcée,zone : Guiers – Chartreuse (eaux souterraines)<br>arrêté valable du 16/09/2022 au 31/10/2022
Bessans (73480),Alerte,zone : Maurienne (eaux superficielles)<br>arrêté valable du 16/09/2022 au 31/10/2022
Bessans (73480),Alerte,zone : Maurienne (eaux souterraines)<br>arrêté valable du 16/09/2022 au 31/10/2022
Betton-Bettonet (73390),Alerte renforcée,zone : Combe de Savoie – Val Gelon (eaux superficielles)<br>arrêté valable du 16/09/2022 au 31/10/2022
Betton-Bettonet (73390),Alerte renforcée,zone : Combe de Savoie – Val Gelon (eaux souterraines)<br>arrêté valable du 16/09/2022 au 31/10/2022
Billième (73170),Crise,zone : Flon – Aiguebelette (eaux superficielles)<br>arrêté valable du 16/09/2022 au 31/10/2022
Billième (73170),Crise,zone : Flon – Aiguebelette (eaux souterraines)<br>arrêté valable du 16/09/2022 au 31/10/2022
Bonneval-sur-Arc (73480),Alerte,zone : Maurienne (eaux superficielles)<br>arrêté valable du 16/09/2022 au 31/10/2022
Bonneval-sur-Arc (73480),Alerte,zone : Maurienne (eaux souterraines)<br>arrêté valable du 16/09/2022 au 31/10/2022
Bonvillard (73460),Alerte renforcée,zone : Combe de Savoie – Val Gelon (eaux superficielles)<br>arrêté valable du 16/09/2022 au 31/10/2022
Bonvillard (73460),Alerte renforcée,zone : Combe de Savoie – Val Gelon (eaux souterraines)<br>arrêté valable du 16/09/2022 au 31/10/2022
Bonvillaret (73220),Alerte,zone : Maurienne (eaux superficielles)<br>arrêté valable du 16/09/2022 au 31/10/2022
Bonvillaret (73220),Alerte,zone : Maurienne (eaux souterraines)<br>arrêté valable du 16/09/2022 au 31/10/2022
Bourdeau (73370),Crise,zone : Lac du Bourget – Albanais (eaux superficielles)<br>arrêté valable du 16/09/2022 au 31/10/2022
Bourdeau (73370),Crise,zone : Lac du Bourget – Albanais (eaux souterraines)<br>arrêté valable du 16/09/2022 au 31/10/2022
Bourg-Saint-Maurice (73700),Alerte,zone : Tarentaise (eaux superficielles)<br>arrêté valable du 16/09/2022 au 31/10/2022
Bourg-Saint-Maurice (73700),Alerte,zone : Tarentaise (eaux souterraines)<br>arrêté valable du 16/09/2022 au 31/10/2022
Bourget-en-Huile (73110),Alerte renforcée,zone : Combe de Savoie – Val Gelon (eaux superficielles)<br>arrêté valable du 16/09/2022 au 31/10/2022
Bourget-en-Huile (73110),Alerte renforcée,zone : Combe de Savoie – Val Gelon (eaux souterraines)<br>arrêté valable du 16/09/2022 au 31/10/2022
Bourgneuf (73390),Alerte renforcée,zone : Combe de Savoie – Val Gelon (eaux superficielles)<br>arrêté valable du 16/09/2022 au 31/10/2022
Bourgneuf (73390),Alerte renforcée,zone : Combe de Savoie – Val Gelon (eaux souterraines)<br>arrêté valable du 16/09/2022 au 31/10/2022
Bozel (73350),Alerte,zone : Tarentaise (eaux superficielles)<br>arrêté valable du 16/09/2022 au 31/10/2022
Bozel (73350),Alerte,zone : Tarentaise (eaux souterraines)<br>arrêté valable du 16/09/2022 au 31/10/2022
Brides-les-Bains (73570),Alerte,zone : Tarentaise (eaux superficielles)<br>arrêté valable du 16/09/2022 au 31/10/2022
Brides-les-Bains (73570),Alerte,zone : Tarentaise (eaux souterraines)<br>arrêté valable du 16/09/2022 au 31/10/2022
Brison-Saint-Innocent (73100),Crise,zone : Flon – Aiguebelette (eaux superficielles)<br>arrêté valable du 16/09/2022 au 31/10/2022
Brison-Saint-Innocent (73100),Crise,zone : Lac du Bourget – Albanais (eaux superficielles)<br>arrêté valable du 16/09/2022 au 31/10/2022
Brison-Saint-Innocent (73100),Crise,zone : Flon – Aiguebelette (eaux souterraines)<br>arrêté valable du 16/09/2022 au 31/10/2022
Brison-Saint-Innocent (73100),Crise,zone : Lac du Bourget – Albanais (eaux souterraines)<br>arrêté valable du 16/09/2022 au 31/10/2022
Cevins (73730),Alerte,zone : Tarentaise (eaux superficielles)<br>arrêté valable du 16/09/2022 au 31/10/2022
Cevins (73730),Alerte,zone : Tarentaise (eaux souterraines)<br>arrêté valable du 16/09/2022 au 31/10/2022
Challes-les-Eaux (73190),Crise,zone : Lac du Bourget – Albanais (eaux superficielles)<br>arrêté valable du 16/09/2022 au 31/10/2022
Challes-les-Eaux (73190),Crise,zone : Lac du Bourget – Albanais (eaux souterraines)<br>arrêté valable du 16/09/2022 au 31/10/2022
Chambéry (73000),Crise,zone : Lac du Bourget – Albanais (eaux superficielles)<br>arrêté valable du 16/09/2022 au 31/10/2022
Chambéry (73000),Crise,zone : Lac du Bourget – Albanais (eaux souterraines)<br>arrêté valable du 16/09/2022 au 31/10/2022
Chamousset (73390),Alerte renforcée,zone : Combe de Savoie – Val Gelon (eaux superficielles)<br>arrêté valable du 16/09/2022 au 31/10/2022
Chamousset (73390),Alerte renforcée,zone : Combe de Savoie – Val Gelon (eaux souterraines)<br>arrêté valable du 16/09/2022 au 31/10/2022
Chamoux-sur-Gelon (73390),Alerte renforcée,zone : Combe de Savoie – Val Gelon (eaux superficielles)<br>arrêté valable du 16/09/2022 au 31/10/2022
Chamoux-sur-Gelon (73390),Alerte renforcée,zone : Combe de Savoie – Val Gelon (eaux souterraines)<br>arrêté valable du 16/09/2022 au 31/10/2022
Champ-Laurent (73390),Alerte renforcée,zone : Combe de Savoie – Val Gelon (eaux superficielles)<br>arrêté valable du 16/09/2022 au 31/10/2022
Champ-Laurent (73390),Alerte renforcée,zone : Combe de Savoie – Val Gelon (eaux souterraines)<br>arrêté valable du 16/09/2022 au 31/10/2022
Champagneux (73240),Alerte renforcée,zone : Guiers – Chartreuse (eaux superficielles)<br>arrêté valable du 16/09/2022 au 31/10/2022
Champagneux (73240),Alerte renforcée,zone : Guiers – Chartreuse (eaux souterraines)<br>arrêté valable du 16/09/2022 au 31/10/2022
Champagny-en-Vanoise (73350),Alerte,zone : Tarentaise (eaux superficielles)<br>arrêté valable du 16/09/2022 au 31/10/2022
Champagny-en-Vanoise (73350),Alerte,zone : Tarentaise (eaux souterraines)<br>arrêté valable du 16/09/2022 au 31/10/2022
Chanaz (73310),Crise,zone : Lac du Bourget – Albanais (eaux superficielles)<br>arrêté valable du 16/09/2022 au 31/10/2022
Chanaz (73310),Crise,zone : Lac du Bourget – Albanais (eaux souterraines)<br>arrêté valable du 16/09/2022 au 31/10/2022
Chignin (73800),Alerte renforcée,zone : Combe de Savoie – Val Gelon (eaux superficielles)<br>arrêté valable du 16/09/2022 au 31/10/2022
Chignin (73800),Alerte renforcée,zone : Combe de Savoie – Val Gelon (eaux souterraines)<br>arrêté valable du 16/09/2022 au 31/10/2022
Chindrieux (73310),Crise,zone : Lac du Bourget – Albanais (eaux superficielles)<br>arrêté valable du 16/09/2022 au 31/10/2022
Chindrieux (73310),Crise,zone : Lac du Bourget – Albanais (eaux souterraines)<br>arrêté valable du 16/09/2022 au 31/10/2022
Châteauneuf (73390),Alerte renforcée,zone : Combe de Savoie – Val Gelon (eaux superficielles)<br>arrêté valable du 16/09/2022 au 31/10/2022
Châteauneuf (73390),Alerte renforcée,zone : Combe de Savoie – Val Gelon (eaux souterraines)<br>arrêté valable du 16/09/2022 au 31/10/2022
Cléry (73460),Alerte renforcée,zone : Combe de Savoie – Val Gelon (eaux superficielles)<br>arrêté valable du 16/09/2022 au 31/10/2022
Cléry (73460),Alerte renforcée,zone : Combe de Savoie – Val Gelon (eaux souterraines)<br>arrêté valable du 16/09/2022 au 31/10/2022
Cognin (73160),Crise,zone : Lac du Bourget – Albanais (eaux superficielles)<br>arrêté valable du 16/09/2022 au 31/10/2022
Cognin (73160),Crise,zone : Lac du Bourget – Albanais (eaux souterraines)<br>arrêté valable du 16/09/2022 au 31/10/2022
"Cohennoz (73400, 73590)",Alerte renforcée,zone : Beaufortain – Val D'Arly (eaux superficielles)<br>arrêté valable du 16/09/2022 au 31/10/2022
"Cohennoz (73400, 73590)",Alerte renforcée,zone : Beaufortain – Val D'Arly (eaux souterraines)<br>arrêté valable du 16/09/2022 au 31/10/2022
Coise-Saint-Jean-Pied-Gauthier (73800),Alerte renforcée,zone : Combe de Savoie – Val Gelon (eaux superficielles)<br>arrêté valable du 16/09/2022 au 31/10/2022
Coise-Saint-Jean-Pied-Gauthier (73800),Alerte renforcée,zone : Combe de Savoie – Val Gelon (eaux souterraines)<br>arrêté valable du 16/09/2022 au 31/10/2022
Conjux (73310),Crise,zone : Lac du Bourget – Albanais (eaux superficielles)<br>arrêté valable du 16/09/2022 au 31/10/2022
Conjux (73310),Crise,zone : Lac du Bourget – Albanais (eaux souterraines)<br>arrêté valable du 16/09/2022 au 31/10/2022
Corbel (73160),Alerte renforcée,zone : Guiers – Chartreuse (eaux superficielles)<br>arrêté valable du 16/09/2022 au 31/10/2022
Corbel (73160),Alerte renforcée,zone : Guiers – Chartreuse (eaux souterraines)<br>arrêté valable du 16/09/2022 au 31/10/2022
Courchevel (73120),Alerte,zone : Tarentaise (eaux superficielles)<br>arrêté valable du 16/09/2022 au 31/10/2022
Courchevel (73120),Alerte,zone : Tarentaise (eaux souterraines)<br>arrêté valable du 16/09/2022 au 31/10/2022
Crest-Voland (73590),Alerte renforcée,zone : Beaufortain – Val D'Arly (eaux superficielles)<br>arrêté valable du 16/09/2022 au 31/10/2022
Crest-Voland (73590),Alerte renforcée,zone : Beaufortain – Val D'Arly (eaux souterraines)<br>arrêté valable du 16/09/2022 au 31/10/2022
Cruet (73800),Alerte renforcée,zone : Combe de Savoie – Val Gelon (eaux superficielles)<br>arrêté valable du 16/09/2022 au 31/10/2022
Cruet (73800),Alerte renforcée,zone : Combe de Savoie – Val Gelon (eaux souterraines)<br>arrêté valable du 16/09/2022 au 31/10/2022
Curienne (73190),Crise,zone : Lac du Bourget – Albanais (eaux superficielles)<br>arrêté valable du 16/09/2022 au 31/10/2022
Curienne (73190),Crise,zone : Lac du Bourget – Albanais (eaux souterraines)<br>arrêté valable du 16/09/2022 au 31/10/2022
Césarches (73200),Alerte renforcée,zone : Beaufortain – Val D'Arly (eaux superficielles)<br>arrêté valable du 16/09/2022 au 31/10/2022
Césarches (73200),Alerte renforcée,zone : Combe de Savoie – Val Gelon (eaux superficielles)<br>arrêté valable du 16/09/2022 au 31/10/2022
Césarches (73200),Alerte renforcée,zone : Beaufortain – Val D'Arly (eaux souterraines)<br>arrêté valable du 16/09/2022 au 31/10/2022
Césarches (73200),Alerte renforcée,zone : Combe de Savoie – Val Gelon (eaux souterraines)<br>arrêté valable du 16/09/2022 au 31/10/2022
Domessin (73330),Alerte renforcée,zone : Guiers – Chartreuse (eaux superficielles)<br>arrêté valable du 16/09/2022 au 31/10/2022
Domessin (73330),Alerte renforcée,zone : Guiers – Chartreuse (eaux souterraines)<br>arrêté valable du 16/09/2022 au 31/10/2022
Doucy-en-Bauges (73630),Crise,zone : Chéran (eaux superficielles)<br>arrêté valable du 16/09/2022 au 31/10/2022
Doucy-en-Bauges (73630),Crise,zone : Chéran (eaux souterraines)<br>arrêté valable du 16/09/2022 au 31/10/2022
Drumettaz-Clarafond (73420),Crise,zone : Lac du Bourget – Albanais (eaux superficielles)<br>arrêté valable du 16/09/2022 au 31/10/2022
Drumettaz-Clarafond (73420),Crise,zone : Lac du Bourget – Albanais (eaux souterraines)<br>arrêté valable du 16/09/2022 au 31/10/2022
Dullin (73610),Alerte renforcée,zone : Guiers – Chartreuse (eaux superficielles)<br>arrêté valable du 16/09/2022 au 31/10/2022
Dullin (73610),Alerte renforcée,zone : Guiers – Chartreuse (eaux souterraines)<br>arrêté valable du 16/09/2022 au 31/10/2022
Détrier (73110),Alerte renforcée,zone : Combe de Savoie – Val Gelon (eaux superficielles)<br>arrêté valable du 16/09/2022 au 31/10/2022
Détrier (73110),Alerte renforcée,zone : Combe de Savoie – Val Gelon (eaux souterraines)<br>arrêté valable du 16/09/2022 au 31/10/2022
Entrelacs (73410),Crise,zone : Flon – Aiguebelette (eaux superficielles)<br>arrêté valable du 16/09/2022 au 31/10/2022
Entrelacs (73410),Crise,zone : Lac du Bourget – Albanais (eaux superficielles)<br>arrêté valable du 16/09/2022 au 31/10/2022
Entrelacs (73410),Crise,zone : Flon – Aiguebelette (eaux souterraines)<br>arrêté valable du 16/09/2022 au 31/10/2022
Entrelacs (73410),Crise,zone : Lac du Bourget – Albanais (eaux souterraines)<br>arrêté valable du 16/09/2022 au 31/10/2022
Entremont-le-Vieux (73670),Alerte renforcée,zone : Guiers – Chartreuse (eaux superficielles)<br>arrêté valable du 16/09/2022 au 31/10/2022
Entremont-le-Vieux (73670),Alerte renforcée,zone : Guiers – Chartreuse (eaux souterraines)<br>arrêté valable du 16/09/2022 au 31/10/2022
Esserts-Blay (73540),Alerte,zone : Tarentaise (eaux superficielles)<br>arrêté valable du 16/09/2022 au 31/10/2022
Esserts-Blay (73540),Alerte,zone : Tarentaise (eaux souterraines)<br>arrêté valable du 16/09/2022 au 31/10/2022
Feissons-sur-Salins (73350),Alerte,zone : Tarentaise (eaux superficielles)<br>arrêté valable du 16/09/2022 au 31/10/2022
Feissons-sur-Salins (73350),Alerte,zone : Tarentaise (eaux souterraines)<br>arrêté valable du 16/09/2022 au 31/10/2022
Flumet (73590),Alerte renforcée,zone : Beaufortain – Val D'Arly (eaux superficielles)<br>arrêté valable du 16/09/2022 au 31/10/2022
Flumet (73590),Alerte renforcée,zone : Beaufortain – Val D'Arly (eaux souterraines)<br>arrêté valable du 16/09/2022 au 31/10/2022
Fontcouverte-la-Toussuire (73300),Alerte,zone : Maurienne (eaux superficielles)<br>arrêté valable du 16/09/2022 au 31/10/2022
Fontcouverte-la-Toussuire (73300),Alerte,zone : Maurienne (eaux souterraines)<br>arrêté valable du 16/09/2022 au 31/10/2022
Fourneaux (73500),Alerte,zone : Maurienne (eaux superficielles)<br>arrêté valable du 16/09/2022 au 31/10/2022
Fourneaux (73500),Alerte,zone : Maurienne (eaux souterraines)<br>arrêté valable du 16/09/2022 au 31/10/2022
Freney (73500),Alerte,zone : Maurienne (eaux superficielles)<br>arrêté valable du 16/09/2022 au 31/10/2022
Freney (73500),Alerte,zone : Maurienne (eaux souterraines)<br>arrêté valable du 16/09/2022 au 31/10/2022
Frontenex (73460),Alerte renforcée,zone : Combe de Savoie – Val Gelon (eaux superficielles)<br>arrêté valable du 16/09/2022 au 31/10/2022
Frontenex (73460),Alerte renforcée,zone : Combe de Savoie – Val Gelon (eaux souterraines)<br>arrêté valable du 16/09/2022 au 31/10/2022
Fréterive (73250),Alerte renforcée,zone : Combe de Savoie – Val Gelon (eaux superficielles)<br>arrêté valable du 16/09/2022 au 31/10/2022
Fréterive (73250),Alerte renforcée,zone : Combe de Savoie – Val Gelon (eaux souterraines)<br>arrêté valable du 16/09/2022 au 31/10/2022
Gerbaix (73470),Crise,zone : Flon – Aiguebelette (eaux superficielles)<br>arrêté valable du 16/09/2022 au 31/10/2022
Gerbaix (73470),Crise,zone : Flon – Aiguebelette (eaux souterraines)<br>arrêté valable du 16/09/2022 au 31/10/2022
Gilly-sur-Isère (73200),Alerte renforcée,zone : Combe de Savoie – Val Gelon (eaux superficielles)<br>arrêté valable du 16/09/2022 au 31/10/2022
Gilly-sur-Isère (73200),Alerte renforcée,zone : Combe de Savoie – Val Gelon (eaux souterraines)<br>arrêté valable du 16/09/2022 au 31/10/2022
Grand-Aigueblanche (73260),Alerte,zone : Tarentaise (eaux superficielles)<br>arrêté valable du 16/09/2022 au 31/10/2022
Grand-Aigueblanche (73260),Alerte,zone : Tarentaise (eaux souterraines)<br>arrêté valable du 16/09/2022 au 31/10/2022
Grignon (73200),Alerte renforcée,zone : Combe de Savoie – Val Gelon (eaux superficielles)<br>arrêté valable du 16/09/2022 au 31/10/2022
Grignon (73200),Alerte renforcée,zone : Combe de Savoie – Val Gelon (eaux souterraines)<br>arrêté valable du 16/09/2022 au 31/10/2022
Grésy-sur-Aix (73100),Crise,zone : Lac du Bourget – Albanais (eaux superficielles)<br>arrêté valable du 16/09/2022 au 31/10/2022
Grésy-sur-Aix (73100),Crise,zone : Lac du Bourget – Albanais (eaux souterraines)<br>arrêté valable du 16/09/2022 au 31/10/2022
Grésy-sur-Isère (73460),Alerte renforcée,zone : Combe de Savoie – Val Gelon (eaux superficielles)<br>arrêté valable du 16/09/2022 au 31/10/2022
Grésy-sur-Isère (73460),Alerte renforcée,zone : Combe de Savoie – Val Gelon (eaux souterraines)<br>arrêté valable du 16/09/2022 au 31/10/2022
Hautecour (73600),Alerte,zone : Tarentaise (eaux superficielles)<br>arrêté valable du 16/09/2022 au 31/10/2022
Hautecour (73600),Alerte,zone : Tarentaise (eaux souterraines)<br>arrêté valable du 16/09/2022 au 31/10/2022
Hauteluce (73620),Alerte renforcée,zone : Beaufortain – Val D'Arly (eaux superficielles)<br>arrêté valable du 16/09/2022 au 31/10/2022
Hauteluce (73620),Alerte renforcée,zone : Beaufortain – Val D'Arly (eaux souterraines)<br>arrêté valable du 16/09/2022 au 31/10/2022
Hauteville (73390),Alerte renforcée,zone : Combe de Savoie – Val Gelon (eaux superficielles)<br>arrêté valable du 16/09/2022 au 31/10/2022
Hauteville (73390),Alerte renforcée,zone : Combe de Savoie – Val Gelon (eaux souterraines)<br>arrêté valable du 16/09/2022 au 31/10/2022
Jacob-Bellecombette (73000),Crise,zone : Lac du Bourget – Albanais (eaux superficielles)<br>arrêté valable du 16/09/2022 au 31/10/2022
Jacob-Bellecombette (73000),Crise,zone : Lac du Bourget – Albanais (eaux souterraines)<br>arrêté valable du 16/09/2022 au 31/10/2022
Jarrier (73300),Alerte,zone : Maurienne (eaux superficielles)<br>arrêté valable du 16/09/2022 au 31/10/2022
Jarrier (73300),Alerte,zone : Maurienne (eaux souterraines)<br>arrêté valable du 16/09/2022 au 31/10/2022
Jarsy (73630),Crise,zone : Chéran (eaux superficielles)<br>arrêté valable du 16/09/2022 au 31/10/2022
Jarsy (73630),Crise,zone : Chéran (eaux souterraines)<br>arrêté valable du 16/09/2022 au 31/10/2022
Jongieux (73170),Crise,zone : Flon – Aiguebelette (eaux superficielles)<br>arrêté valable du 16/09/2022 au 31/10/2022
Jongieux (73170),Crise,zone : Flon – Aiguebelette (eaux souterraines)<br>arrêté valable du 16/09/2022 au 31/10/2022
La Balme (73170),Crise,zone : Flon – Aiguebelette (eaux superficielles)<br>arrêté valable du 16/09/2022 au 31/10/2022
La Balme (73170),Crise,zone : Flon – Aiguebelette (eaux souterraines)<br>arrêté valable du 16/09/2022 au 31/10/2022
La Bauche (73360),Alerte renforcée,zone : Guiers – Chartreuse (eaux superficielles)<br>arrêté valable du 16/09/2022 au 31/10/2022
La Bauche (73360),Alerte renforcée,zone : Guiers – Chartreuse (eaux souterraines)<br>arrêté valable du 16/09/2022 au 31/10/2022
La Biolle (73410),Crise,zone : Lac du Bourget – Albanais (eaux superficielles)<br>arrêté valable du 16/09/2022 au 31/10/2022
La Biolle (73410),Crise,zone : Lac du Bourget – Albanais (eaux souterraines)<br>arrêté valable du 16/09/2022 au 31/10/2022
La Bridoire (73520),Alerte renforcée,zone : Guiers – Chartreuse (eaux superficielles)<br>arrêté valable du 16/09/2022 au 31/10/2022
La Bridoire (73520),Alerte renforcée,zone : Guiers – Chartreuse (eaux souterraines)<br>arrêté valable du 16/09/2022 au 31/10/2022
La Bâthie (73540),Alerte,zone : Tarentaise (eaux superficielles)<br>arrêté valable du 16/09/2022 au 31/10/2022
La Bâthie (73540),Alerte,zone : Tarentaise (eaux souterraines)<br>arrêté valable du 16/09/2022 au 31/10/2022
La Chambre (73130),Alerte,zone : Maurienne (eaux superficielles)<br>arrêté valable du 16/09/2022 au 31/10/2022
La Chambre (73130),Alerte,zone : Maurienne (eaux souterraines)<br>arrêté valable du 16/09/2022 au 31/10/2022
La Chapelle (73660),Alerte,zone : Maurienne (eaux superficielles)<br>arrêté valable du 16/09/2022 au 31/10/2022
La Chapelle (73660),Alerte,zone : Maurienne (eaux souterraines)<br>arrêté valable du 16/09/2022 au 31/10/2022
La Chapelle-Blanche (73110),Alerte renforcée,zone : Combe de Savoie – Val Gelon (eaux superficielles)<br>arrêté valable du 16/09/2022 au 31/10/2022
La Chapelle-Blanche (73110),Alerte renforcée,zone : Combe de Savoie – Val Gelon (eaux souterraines)<br>arrêté valable du 16/09/2022 au 31/10/2022
La Chapelle-Saint-Martin (73170),Crise,zone : Flon – Aiguebelette (eaux superficielles)<br>arrêté valable du 16/09/2022 au 31/10/2022
La Chapelle-Saint-Martin (73170),Crise,zone : Flon – Aiguebelette (eaux souterraines)<br>arrêté valable du 16/09/2022 au 31/10/2022
La Chapelle-du-Mont-du-Chat (73370),Crise,zone : Lac du Bourget – Albanais (eaux superficielles)<br>arrêté valable du 16/09/2022 au 31/10/2022
La Chapelle-du-Mont-du-Chat (73370),Crise,zone : Lac du Bourget – Albanais (eaux souterraines)<br>arrêté valable du 16/09/2022 au 31/10/2022
La Chavanne (73800),Alerte renforcée,zone : Combe de Savoie – Val Gelon (eaux superficielles)<br>arrêté valable du 16/09/2022 au 31/10/2022
La Chavanne (73800),Alerte renforcée,zone : Combe de Savoie – Val Gelon (eaux souterraines)<br>arrêté valable du 16/09/2022 au 31/10/2022
La Compôte (73630),Crise,zone : Chéran (eaux superficielles)<br>arrêté valable du 16/09/2022 au 31/10/2022
La Compôte (73630),Crise,zone : Chéran (eaux souterraines)<br>arrêté valable du 16/09/2022 au 31/10/2022
La Croix-de-la-Rochette (73110),Alerte renforcée,zone : Combe de Savoie – Val Gelon (eaux superficielles)<br>arrêté valable du 16/09/2022 au 31/10/2022
La Croix-de-la-Rochette (73110),Alerte renforcée,zone : Combe de Savoie – Val Gelon (eaux souterraines)<br>arrêté valable du 16/09/2022 au 31/10/2022
La Giettaz (73590),Alerte renforcée,zone : Beaufortain – Val D'Arly (eaux superficielles)<br>arrêté valable du 16/09/2022 au 31/10/2022
La Giettaz (73590),Alerte renforcée,zone : Beaufortain – Val D'Arly (eaux souterraines)<br>arrêté valable du 16/09/2022 au 31/10/2022
La Léchère (73260),Alerte,zone : Tarentaise (eaux superficielles)<br>arrêté valable du 16/09/2022 au 31/10/2022
La Léchère (73260),Alerte,zone : Tarentaise (eaux souterraines)<br>arrêté valable du 16/09/2022 au 31/10/2022
La Motte-Servolex (73290),Crise,zone : Lac du Bourget – Albanais (eaux superficielles)<br>arrêté valable du 16/09/2022 au 31/10/2022
La Motte-Servolex (73290),Crise,zone : Lac du Bourget – Albanais (eaux souterraines)<br>arrêté valable du 16/09/2022 au 31/10/2022
La Motte-en-Bauges (73340),Crise,zone : Chéran (eaux superficielles)<br>arrêté valable du 16/09/2022 au 31/10/2022
La Motte-en-Bauges (73340),Crise,zone : Chéran (eaux souterraines)<br>arrêté valable du 16/09/2022 au 31/10/2022
La Plagne Tarentaise (73210),Alerte,zone : Tarentaise (eaux superficielles)<br>arrêté valable du 16/09/2022 au 31/10/2022
La Plagne Tarentaise (73210),Alerte,zone : Tarentaise (eaux souterraines)<br>arrêté valable du 16/09/2022 au 31/10/2022
La Ravoire (73490),Crise,zone : Lac du Bourget – Albanais (eaux superficielles)<br>arrêté valable du 16/09/2022 au 31/10/2022
La Ravoire (73490),Crise,zone : Lac du Bourget – Albanais (eaux souterraines)<br>arrêté valable du 16/09/2022 au 31/10/2022
La Table (73110),Alerte renforcée,zone : Combe de Savoie – Val Gelon (eaux superficielles)<br>arrêté valable du 16/09/2022 au 31/10/2022
La Table (73110),Alerte renforcée,zone : Combe de Savoie – Val Gelon (eaux souterraines)<br>arrêté valable du 16/09/2022 au 31/10/2022
La Thuile (73190),Crise,zone : Lac du Bourget – Albanais (eaux superficielles)<br>arrêté valable du 16/09/2022 au 31/10/2022
La Thuile (73190),Crise,zone : Lac du Bourget – Albanais (eaux souterraines)<br>arrêté valable du 16/09/2022 au 31/10/2022
La Tour-en-Maurienne (73300),Alerte,zone : Maurienne (eaux superficielles)<br>arrêté valable du 16/09/2022 au 31/10/2022
La Tour-en-Maurienne (73300),Alerte,zone : Maurienne (eaux souterraines)<br>arrêté valable du 16/09/2022 au 31/10/2022
La Trinité (73110),Alerte renforcée,zone : Combe de Savoie – Val Gelon (eaux superficielles)<br>arrêté valable du 16/09/2022 au 31/10/2022
La Trinité (73110),Alerte renforcée,zone : Combe de Savoie – Val Gelon (eaux souterraines)<br>arrêté valable du 16/09/2022 au 31/10/2022
Laissaud (73800),Alerte renforcée,zone : Combe de Savoie – Val Gelon (eaux superficielles)<br>arrêté valable du 16/09/2022 au 31/10/2022
Laissaud (73800),Alerte renforcée,zone : Combe de Savoie – Val Gelon (eaux souterraines)<br>arrêté valable du 16/09/2022 au 31/10/2022
Landry (73210),Alerte,zone : Tarentaise (eaux superficielles)<br>arrêté valable du 16/09/2022 au 31/10/2022
Landry (73210),Alerte,zone : Tarentaise (eaux souterraines)<br>arrêté valable du 16/09/2022 au 31/10/2022
Le Bourget-du-Lac (73370),Crise,zone : Lac du Bourget – Albanais (eaux superficielles)<br>arrêté valable du 16/09/2022 au 31/10/2022
Le Bourget-du-Lac (73370),Crise,zone : Lac du Bourget – Albanais (eaux souterraines)<br>arrêté valable du 16/09/2022 au 31/10/2022
Le Châtelard (73630),Crise,zone : Chéran (eaux superficielles)<br>arrêté valable du 16/09/2022 au 31/10/2022
Le Châtelard (73630),Crise,zone : Chéran (eaux souterraines)<br>arrêté valable du 16/09/2022 au 31/10/2022
Le Noyer (73340),Crise,zone : Chéran (eaux superficielles)<br>arrêté valable du 16/09/2022 au 31/10/2022
Le Noyer (73340),Crise,zone : Chéran (eaux souterraines)<br>arrêté valable du 16/09/2022 au 31/10/2022
Le Pont-de-Beauvoisin (73330),Alerte renforcée,zone : Guiers – Chartreuse (eaux superficielles)<br>arrêté valable du 16/09/2022 au 31/10/2022
Le Pont-de-Beauvoisin (73330),Alerte renforcée,zone : Guiers – Chartreuse (eaux souterraines)<br>arrêté valable du 16/09/2022 au 31/10/2022
Le Pontet (73110),Alerte renforcée,zone : Combe de Savoie – Val Gelon (eaux superficielles)<br>arrêté valable du 16/09/2022 au 31/10/2022
Le Pontet (73110),Alerte renforcée,zone : Combe de Savoie – Val Gelon (eaux souterraines)<br>arrêté valable du 16/09/2022 au 31/10/2022
Le Verneil (73110),Alerte renforcée,zone : Combe de Savoie – Val Gelon (eaux superficielles)<br>arrêté valable du 16/09/2022 au 31/10/2022
Le Verneil (73110),Alerte renforcée,zone : Combe de Savoie – Val Gelon (eaux souterraines)<br>arrêté valable du 16/09/2022 au 31/10/2022
Les Allues (73550),Alerte,zone : Tarentaise (eaux superficielles)<br>arrêté valable du 16/09/2022 au 31/10/2022
Les Allues (73550),Alerte,zone : Tarentaise (eaux souterraines)<br>arrêté valable du 16/09/2022 au 31/10/2022
Les Avanchers-Valmorel (73260),Alerte,zone : Tarentaise (eaux superficielles)<br>arrêté valable du 16/09/2022 au 31/10/2022
Les Avanchers-Valmorel (73260),Alerte,zone : Tarentaise (eaux souterraines)<br>arrêté valable du 16/09/2022 au 31/10/2022
"Les Belleville (73440, 73600)",Alerte,zone : Tarentaise (eaux superficielles)<br>arrêté valable du 16/09/2022 au 31/10/2022
"Les Belleville (73440, 73600)",Alerte,zone : Tarentaise (eaux souterraines)<br>arrêté valable du 16/09/2022 au 31/10/2022
Les Chapelles (73700),Alerte,zone : Tarentaise (eaux superficielles)<br>arrêté valable du 16/09/2022 au 31/10/2022
Les Chapelles (73700),Alerte,zone : Tarentaise (eaux souterraines)<br>arrêté valable du 16/09/2022 au 31/10/2022
Les Chavannes-en-Maurienne (73660),Alerte,zone : Maurienne (eaux superficielles)<br>arrêté valable du 16/09/2022 au 31/10/2022
Les Chavannes-en-Maurienne (73660),Alerte,zone : Maurienne (eaux souterraines)<br>arrêté valable du 16/09/2022 au 31/10/2022
Les Déserts (73230),Crise,zone : Lac du Bourget – Albanais (eaux superficielles)<br>arrêté valable du 16/09/2022 au 31/10/2022
Les Déserts (73230),Crise,zone : Lac du Bourget – Albanais (eaux souterraines)<br>arrêté valable du 16/09/2022 au 31/10/2022
Les Mollettes (73800),Alerte renforcée,zone : Combe de Savoie – Val Gelon (eaux superficielles)<br>arrêté valable du 16/09/2022 au 31/10/2022
Les Mollettes (73800),Alerte renforcée,zone : Combe de Savoie – Val Gelon (eaux souterraines)<br>arrêté valable du 16/09/2022 au 31/10/2022
Les Échelles (73360),Alerte renforcée,zone : Guiers – Chartreuse (eaux superficielles)<br>arrêté valable du 16/09/2022 au 31/10/2022
Les Échelles (73360),Alerte renforcée,zone : Guiers – Chartreuse (eaux souterraines)<br>arrêté valable du 16/09/2022 au 31/10/2022
Lescheraines (73340),Crise,zone : Chéran (eaux superficielles)<br>arrêté valable du 16/09/2022 au 31/10/2022
Lescheraines (73340),Crise,zone : Chéran (eaux souterraines)<br>arrêté valable du 16/09/2022 au 31/10/2022
Loisieux (73170),Crise,zone : Flon – Aiguebelette (eaux superficielles)<br>arrêté valable du 16/09/2022 au 31/10/2022
Loisieux (73170),Crise,zone : Flon – Aiguebelette (eaux souterraines)<br>arrêté valable du 16/09/2022 au 31/10/2022
Lucey (73170),Crise,zone : Flon – Aiguebelette (eaux superficielles)<br>arrêté valable du 16/09/2022 au 31/10/2022
Lucey (73170),Crise,zone : Flon – Aiguebelette (eaux souterraines)<br>arrêté valable du 16/09/2022 au 31/10/2022
Lépin-le-Lac (73610),Alerte renforcée,zone : Guiers – Chartreuse (eaux superficielles)<br>arrêté valable du 16/09/2022 au 31/10/2022
Lépin-le-Lac (73610),Alerte renforcée,zone : Guiers – Chartreuse (eaux souterraines)<br>arrêté valable du 16/09/2022 au 31/10/2022
Marcieux (73470),Crise,zone : Flon – Aiguebelette (eaux superficielles)<br>arrêté valable du 16/09/2022 au 31/10/2022
Marcieux (73470),Crise,zone : Flon – Aiguebelette (eaux souterraines)<br>arrêté valable du 16/09/2022 au 31/10/2022
Marthod (73400),Alerte renforcée,zone : Beaufortain – Val D'Arly (eaux superficielles)<br>arrêté valable du 16/09/2022 au 31/10/2022
Marthod (73400),Alerte renforcée,zone : Combe de Savoie – Val Gelon (eaux superficielles)<br>arrêté valable du 16/09/2022 au 31/10/2022
Marthod (73400),Alerte renforcée,zone : Beaufortain – Val D'Arly (eaux souterraines)<br>arrêté valable du 16/09/2022 au 31/10/2022
Marthod (73400),Alerte renforcée,zone : Combe de Savoie – Val Gelon (eaux souterraines)<br>arrêté valable du 16/09/2022 au 31/10/2022
Mercury (73200),Alerte renforcée,zone : Combe de Savoie – Val Gelon (eaux superficielles)<br>arrêté valable du 16/09/2022 au 31/10/2022
Mercury (73200),Alerte renforcée,zone : Combe de Savoie – Val Gelon (eaux souterraines)<br>arrêté valable du 16/09/2022 au 31/10/2022
Meyrieux-Trouet (73170),Crise,zone : Flon – Aiguebelette (eaux superficielles)<br>arrêté valable du 16/09/2022 au 31/10/2022
Meyrieux-Trouet (73170),Crise,zone : Flon – Aiguebelette (eaux souterraines)<br>arrêté valable du 16/09/2022 au 31/10/2022
Modane (73500),Alerte,zone : Maurienne (eaux superficielles)<br>arrêté valable du 16/09/2022 au 31/10/2022
Modane (73500),Alerte,zone : Maurienne (eaux souterraines)<br>arrêté valable du 16/09/2022 au 31/10/2022
Montagnole (73000),Crise,zone : Lac du Bourget – Albanais (eaux superficielles)<br>arrêté valable du 16/09/2022 au 31/10/2022
Montagnole (73000),Crise,zone : Lac du Bourget – Albanais (eaux souterraines)<br>arrêté valable du 16/09/2022 au 31/10/2022
Montagny (73350),Alerte,zone : Tarentaise (eaux superficielles)<br>arrêté valable du 16/09/2022 au 31/10/2022
Montagny (73350),Alerte,zone : Tarentaise (eaux souterraines)<br>arrêté valable du 16/09/2022 au 31/10/2022
Montailleur (73460),Alerte renforcée,zone : Combe de Savoie – Val Gelon (eaux superficielles)<br>arrêté valable du 16/09/2022 au 31/10/2022
Montailleur (73460),Alerte renforcée,zone : Combe de Savoie – Val Gelon (eaux souterraines)<br>arrêté valable du 16/09/2022 au 31/10/2022
Montcel (73100),Crise,zone : Lac du Bourget – Albanais (eaux superficielles)<br>arrêté valable du 16/09/2022 au 31/10/2022
Montcel (73100),Crise,zone : Lac du Bourget – Albanais (eaux souterraines)<br>arrêté valable du 16/09/2022 au 31/10/2022
Montendry (73390),Alerte renforcée,zone : Combe de Savoie – Val Gelon (eaux superficielles)<br>arrêté valable du 16/09/2022 au 31/10/2022
Montendry (73390),Alerte renforcée,zone : Combe de Savoie – Val Gelon (eaux souterraines)<br>arrêté valable du 16/09/2022 au 31/10/2022
Montgilbert (73220),Alerte,zone : Maurienne (eaux superficielles)<br>arrêté valable du 16/09/2022 au 31/10/2022
Montgilbert (73220),Alerte,zone : Maurienne (eaux souterraines)<br>arrêté valable du 16/09/2022 au 31/10/2022
Monthion (73200),Alerte renforcée,zone : Combe de Savoie – Val Gelon (eaux superficielles)<br>arrêté valable du 16/09/2022 au 31/10/2022
Monthion (73200),Alerte renforcée,zone : Combe de Savoie – Val Gelon (eaux souterraines)<br>arrêté valable du 16/09/2022 au 31/10/2022
Montmélian (73800),Alerte renforcée,zone : Combe de Savoie – Val Gelon (eaux superficielles)<br>arrêté valable du 16/09/2022 au 31/10/2022
Montmélian (73800),Alerte renforcée,zone : Combe de Savoie – Val Gelon (eaux souterraines)<br>arrêté valable du 16/09/2022 au 31/10/2022
Montricher-Albanne (73870),Alerte,zone : Maurienne (eaux superficielles)<br>arrêté valable du 16/09/2022 au 31/10/2022
Montricher-Albanne (73870),Alerte,zone : Maurienne (eaux souterraines)<br>arrêté valable du 16/09/2022 au 31/10/2022
Montsapey (73220),Alerte,zone : Maurienne (eaux superficielles)<br>arrêté valable du 16/09/2022 au 31/10/2022
Montsapey (73220),Alerte,zone : Maurienne (eaux souterraines)<br>arrêté valable du 16/09/2022 au 31/10/2022
Montvalezan (73700),Alerte,zone : Tarentaise (eaux superficielles)<br>arrêté valable du 16/09/2022 au 31/10/2022
Montvalezan (73700),Alerte,zone : Tarentaise (eaux souterraines)<br>arrêté valable du 16/09/2022 au 31/10/2022
Montvernier (73300),Alerte,zone : Maurienne (eaux superficielles)<br>arrêté valable du 16/09/2022 au 31/10/2022
Montvernier (73300),Alerte,zone : Maurienne (eaux souterraines)<br>arrêté valable du 16/09/2022 au 31/10/2022
Motz (73310),Crise,zone : Lac du Bourget – Albanais (eaux superficielles)<br>arrêté valable du 16/09/2022 au 31/10/2022
Motz (73310),Crise,zone : Lac du Bourget – Albanais (eaux souterraines)<br>arrêté valable du 16/09/2022 au 31/10/2022
Mouxy (73100),Crise,zone : Lac du Bourget – Albanais (eaux superficielles)<br>arrêté valable du 16/09/2022 au 31/10/2022
Mouxy (73100),Crise,zone : Lac du Bourget – Albanais (eaux souterraines)<br>arrêté valable du 16/09/2022 au 31/10/2022
Moûtiers (73600),Alerte,zone : Tarentaise (eaux superficielles)<br>arrêté valable du 16/09/2022 au 31/10/2022
Moûtiers (73600),Alerte,zone : Tarentaise (eaux souterraines)<br>arrêté valable du 16/09/2022 au 31/10/2022
Myans (73800),Alerte renforcée,zone : Combe de Savoie – Val Gelon (eaux superficielles)<br>arrêté valable du 16/09/2022 au 31/10/2022
Myans (73800),Crise,zone : Lac du Bourget – Albanais (eaux superficielles)<br>arrêté valable du 16/09/2022 au 31/10/2022
Myans (73800),Alerte renforcée,zone : Combe de Savoie – Val Gelon (eaux souterraines)<br>arrêté valable du 16/09/2022 au 31/10/2022
Myans (73800),Crise,zone : Lac du Bourget – Albanais (eaux souterraines)<br>arrêté valable du 16/09/2022 au 31/10/2022
Méry (73420),Crise,zone : Lac du Bourget – Albanais (eaux superficielles)<br>arrêté valable du 16/09/2022 au 31/10/2022
Méry (73420),Crise,zone : Lac du Bourget – Albanais (eaux souterraines)<br>arrêté valable du 16/09/2022 au 31/10/2022
Nances (73470),Crise,zone : Flon – Aiguebelette (eaux superficielles)<br>arrêté valable du 16/09/2022 au 31/10/2022
Nances (73470),Crise,zone : Flon – Aiguebelette (eaux souterraines)<br>arrêté valable du 16/09/2022 au 31/10/2022
Notre-Dame-de-Bellecombe (73590),Alerte renforcée,zone : Beaufortain – Val D'Arly (eaux superficielles)<br>arrêté valable du 16/09/2022 au 31/10/2022
Notre-Dame-de-Bellecombe (73590),Alerte renforcée,zone : Beaufortain – Val D'Arly (eaux souterraines)<br>arrêté valable du 16/09/2022 au 31/10/2022
Notre-Dame-des-Millières (73460),Alerte renforcée,zone : Combe de Savoie – Val Gelon (eaux superficielles)<br>arrêté valable du 16/09/2022 au 31/10/2022
Notre-Dame-des-Millières (73460),Alerte renforcée,zone : Combe de Savoie – Val Gelon (eaux souterraines)<br>arrêté valable du 16/09/2022 au 31/10/2022
Notre-Dame-du-Cruet (73130),Alerte,zone : Maurienne (eaux superficielles)<br>arrêté valable du 16/09/2022 au 31/10/2022
Notre-Dame-du-Cruet (73130),Alerte,zone : Maurienne (eaux souterraines)<br>arrêté valable du 16/09/2022 au 31/10/2022
Notre-Dame-du-Pré (73600),Alerte,zone : Tarentaise (eaux superficielles)<br>arrêté valable du 16/09/2022 au 31/10/2022
Notre-Dame-du-Pré (73600),Alerte,zone : Tarentaise (eaux souterraines)<br>arrêté valable du 16/09/2022 au 31/10/2022
Novalaise (73470),Crise,zone : Flon – Aiguebelette (eaux superficielles)<br>arrêté valable du 16/09/2022 au 31/10/2022
Novalaise (73470),Crise,zone : Flon – Aiguebelette (eaux souterraines)<br>arrêté valable du 16/09/2022 au 31/10/2022
Ontex (73310),Crise,zone : Flon – Aiguebelette (eaux superficielles)<br>arrêté valable du 16/09/2022 au 31/10/2022
Ontex (73310),Crise,zone : Lac du Bourget – Albanais (eaux superficielles)<br>arrêté valable du 16/09/2022 au 31/10/2022
Ontex (73310),Crise,zone : Flon – Aiguebelette (eaux souterraines)<br>arrêté valable du 16/09/2022 au 31/10/2022
Ontex (73310),Crise,zone : Lac du Bourget – Albanais (eaux souterraines)<br>arrêté valable du 16/09/2022 au 31/10/2022
Orelle (73140),Alerte,zone : Maurienne (eaux superficielles)<br>arrêté valable du 16/09/2022 au 31/10/2022
Orelle (73140),Alerte,zone : Maurienne (eaux souterraines)<br>arrêté valable du 16/09/2022 au 31/10/2022
Pallud (73200),Alerte renforcée,zone : Combe de Savoie – Val Gelon (eaux superficielles)<br>arrêté valable du 16/09/2022 au 31/10/2022
Pallud (73200),Alerte renforcée,zone : Combe de Savoie – Val Gelon (eaux souterraines)<br>arrêté valable du 16/09/2022 au 31/10/2022
Peisey-Nancroix (73210),Alerte,zone : Tarentaise (eaux superficielles)<br>arrêté valable du 16/09/2022 au 31/10/2022
Peisey-Nancroix (73210),Alerte,zone : Tarentaise (eaux souterraines)<br>arrêté valable du 16/09/2022 au 31/10/2022
Planaise (73800),Alerte renforcée,zone : Combe de Savoie – Val Gelon (eaux superficielles)<br>arrêté valable du 16/09/2022 au 31/10/2022
Planaise (73800),Alerte renforcée,zone : Combe de Savoie – Val Gelon (eaux souterraines)<br>arrêté valable du 16/09/2022 au 31/10/2022
Planay (73350),Alerte,zone : Tarentaise (eaux superficielles)<br>arrêté valable du 16/09/2022 au 31/10/2022
Planay (73350),Alerte,zone : Tarentaise (eaux souterraines)<br>arrêté valable du 16/09/2022 au 31/10/2022
Plancherine (73200),Alerte renforcée,zone : Combe de Savoie – Val Gelon (eaux superficielles)<br>arrêté valable du 16/09/2022 au 31/10/2022
Plancherine (73200),Alerte renforcée,zone : Combe de Savoie – Val Gelon (eaux souterraines)<br>arrêté valable du 16/09/2022 au 31/10/2022
Porte-de-Savoie (73800),Alerte renforcée,zone : Combe de Savoie – Val Gelon (eaux superficielles)<br>arrêté valable du 16/09/2022 au 31/10/2022
Porte-de-Savoie (73800),Alerte renforcée,zone : Combe de Savoie – Val Gelon (eaux souterraines)<br>arrêté valable du 16/09/2022 au 31/10/2022
Pralognan-la-Vanoise (73710),Alerte,zone : Tarentaise (eaux superficielles)<br>arrêté valable du 16/09/2022 au 31/10/2022
Pralognan-la-Vanoise (73710),Alerte,zone : Tarentaise (eaux souterraines)<br>arrêté valable du 16/09/2022 au 31/10/2022
Presle (73110),Alerte renforcée,zone : Combe de Savoie – Val Gelon (eaux superficielles)<br>arrêté valable du 16/09/2022 au 31/10/2022
Presle (73110),Alerte renforcée,zone : Combe de Savoie – Val Gelon (eaux souterraines)<br>arrêté valable du 16/09/2022 au 31/10/2022
Pugny-Chatenod (73100),Crise,zone : Lac du Bourget – Albanais (eaux superficielles)<br>arrêté valable du 16/09/2022 au 31/10/2022
Pugny-Chatenod (73100),Crise,zone : Lac du Bourget – Albanais (eaux souterraines)<br>arrêté valable du 16/09/2022 au 31/10/2022
Puygros (73190),Crise,zone : Lac du Bourget – Albanais (eaux superficielles)<br>arrêté valable du 16/09/2022 au 31/10/2022
Puygros (73190),Crise,zone : Lac du Bourget – Albanais (eaux souterraines)<br>arrêté valable du 16/09/2022 au 31/10/2022
Queige (73720),Alerte renforcée,zone : Beaufortain – Val D'Arly (eaux superficielles)<br>arrêté valable du 16/09/2022 au 31/10/2022
Queige (73720),Alerte renforcée,zone : Beaufortain – Val D'Arly (eaux souterraines)<br>arrêté valable du 16/09/2022 au 31/10/2022
Rochefort (73240),Alerte renforcée,zone : Guiers – Chartreuse (eaux superficielles)<br>arrêté valable du 16/09/2022 au 31/10/2022
Rochefort (73240),Alerte renforcée,zone : Guiers – Chartreuse (eaux souterraines)<br>arrêté valable du 16/09/2022 au 31/10/2022
Rognaix (73730),Alerte,zone : Tarentaise (eaux superficielles)<br>arrêté valable du 16/09/2022 au 31/10/2022
Rognaix (73730),Alerte,zone : Tarentaise (eaux souterraines)<br>arrêté valable du 16/09/2022 au 31/10/2022
Rotherens (73110),Alerte renforcée,zone : Combe de Savoie – Val Gelon (eaux superficielles)<br>arrêté valable du 16/09/2022 au 31/10/2022
Rotherens (73110),Alerte renforcée,zone : Combe de Savoie – Val Gelon (eaux souterraines)<br>arrêté valable du 16/09/2022 au 31/10/2022
Ruffieux (73310),Crise,zone : Lac du Bourget – Albanais (eaux superficielles)<br>arrêté valable du 16/09/2022 au 31/10/2022
Ruffieux (73310),Crise,zone : Lac du Bourget – Albanais (eaux souterraines)<br>arrêté valable du 16/09/2022 au 31/10/2022
Saint François Longchamp (73130),Alerte,zone : Maurienne (eaux superficielles)<br>arrêté valable du 16/09/2022 au 31/10/2022
Saint François Longchamp (73130),Alerte,zone : Maurienne (eaux souterraines)<br>arrêté valable du 16/09/2022 au 31/10/2022
Saint-Alban-Leysse (73230),Crise,zone : Lac du Bourget – Albanais (eaux superficielles)<br>arrêté valable du 16/09/2022 au 31/10/2022
Saint-Alban-Leysse (73230),Crise,zone : Lac du Bourget – Albanais (eaux souterraines)<br>arrêté valable du 16/09/2022 au 31/10/2022
Saint-Alban-d'Hurtières (73220),Alerte,zone : Maurienne (eaux superficielles)<br>arrêté valable du 16/09/2022 au 31/10/2022
Saint-Alban-d'Hurtières (73220),Alerte,zone : Maurienne (eaux souterraines)<br>arrêté valable du 16/09/2022 au 31/10/2022
Saint-Alban-de-Montbel (73610),Alerte renforcée,zone : Guiers – Chartreuse (eaux superficielles)<br>arrêté valable du 16/09/2022 au 31/10/2022
Saint-Alban-de-Montbel (73610),Alerte renforcée,zone : Guiers – Chartreuse (eaux souterraines)<br>arrêté valable du 16/09/2022 au 31/10/2022
Saint-Alban-des-Villards (73130),Alerte,zone : Maurienne (eaux superficielles)<br>arrêté valable du 16/09/2022 au 31/10/2022
Saint-Alban-des-Villards (73130),Alerte,zone : Maurienne (eaux souterraines)<br>arrêté valable du 16/09/2022 au 31/10/2022
Saint-André (73500),Alerte,zone : Maurienne (eaux superficielles)<br>arrêté valable du 16/09/2022 au 31/10/2022
Saint-André (73500),Alerte,zone : Maurienne (eaux souterraines)<br>arrêté valable du 16/09/2022 au 31/10/2022
Saint-Avre (73130),Alerte,zone : Maurienne (eaux superficielles)<br>arrêté valable du 16/09/2022 au 31/10/2022
Saint-Avre (73130),Alerte,zone : Maurienne (eaux souterraines)<br>arrêté valable du 16/09/2022 au 31/10/2022
Saint-Baldoph (73190),Crise,zone : Lac du Bourget – Albanais (eaux superficielles)<br>arrêté valable du 16/09/2022 au 31/10/2022
Saint-Baldoph (73190),Crise,zone : Lac du Bourget – Albanais (eaux souterraines)<br>arrêté valable du 16/09/2022 au 31/10/2022
Saint-Béron (73520),Alerte renforcée,zone : Guiers – Chartreuse (eaux superficielles)<br>arrêté valable du 16/09/2022 au 31/10/2022
Saint-Béron (73520),Alerte renforcée,zone : Guiers – Chartreuse (eaux souterraines)<br>arrêté valable du 16/09/2022 au 31/10/2022
Saint-Cassin (73160),Crise,zone : Lac du Bourget – Albanais (eaux superficielles)<br>arrêté valable du 16/09/2022 au 31/10/2022
Saint-Cassin (73160),Crise,zone : Lac du Bourget – Albanais (eaux souterraines)<br>arrêté valable du 16/09/2022 au 31/10/2022
Saint-Christophe (73360),Alerte renforcée,zone : Guiers – Chartreuse (eaux superficielles)<br>arrêté valable du 16/09/2022 au 31/10/2022
Saint-Christophe (73360),Alerte renforcée,zone : Guiers – Chartreuse (eaux souterraines)<br>arrêté valable du 16/09/2022 au 31/10/2022
Saint-Colomban-des-Villards (73130),Alerte,zone : Maurienne (eaux superficielles)<br>arrêté valable du 16/09/2022 au 31/10/2022
Saint-Colomban-des-Villards (73130),Alerte,zone : Maurienne (eaux souterraines)<br>arrêté valable du 16/09/2022 au 31/10/2022
Saint-Franc (73360),Alerte renforcée,zone : Guiers – Chartreuse (eaux superficielles)<br>arrêté valable du 16/09/2022 au 31/10/2022
Saint-Franc (73360),Alerte renforcée,zone : Guiers – Chartreuse (eaux souterraines)<br>arrêté valable du 16/09/2022 au 31/10/2022
Saint-François-de-Sales (73340),Crise,zone : Chéran (eaux superficielles)<br>arrêté valable du 16/09/2022 au 31/10/2022
Saint-François-de-Sales (73340),Crise,zone : Chéran (eaux souterraines)<br>arrêté valable du 16/09/2022 au 31/10/2022
Saint-Genix-les-Villages (73240),Alerte renforcée,zone : Guiers – Chartreuse (eaux superficielles)<br>arrêté valable du 16/09/2022 au 31/10/2022
Saint-Genix-les-Villages (73240),Alerte renforcée,zone : Guiers – Chartreuse (eaux souterraines)<br>arrêté valable du 16/09/2022 au 31/10/2022
Saint-Georges-d'Hurtières (73220),Alerte,zone : Maurienne (eaux superficielles)<br>arrêté valable du 16/09/2022 au 31/10/2022
Saint-Georges-d'Hurtières (73220),Alerte,zone : Maurienne (eaux souterraines)<br>arrêté valable du 16/09/2022 au 31/10/2022
Saint-Jean-d'Arves (73530),Alerte,zone : Maurienne (eaux superficielles)<br>arrêté valable du 16/09/2022 au 31/10/2022
Saint-Jean-d'Arves (73530),Alerte,zone : Maurienne (eaux souterraines)<br>arrêté valable du 16/09/2022 au 31/10/2022
Saint-Jean-d'Arvey (73230),Crise,zone : Lac du Bourget – Albanais (eaux superficielles)<br>arrêté valable du 16/09/2022 au 31/10/2022
Saint-Jean-d'Arvey (73230),Crise,zone : Lac du Bourget – Albanais (eaux souterraines)<br>arrêté valable du 16/09/2022 au 31/10/2022
Saint-Jean-de-Chevelu (73170),Crise,zone : Flon – Aiguebelette (eaux superficielles)<br>arrêté valable du 16/09/2022 au 31/10/2022
Saint-Jean-de-Chevelu (73170),Crise,zone : Flon – Aiguebelette (eaux souterraines)<br>arrêté valable du 16/09/2022 au 31/10/2022
Saint-Jean-de-Couz (73160),Alerte renforcée,zone : Guiers – Chartreuse (eaux superficielles)<br>arrêté valable du 16/09/2022 au 31/10/2022
Saint-Jean-de-Couz (73160),Crise,zone : Lac du Bourget – Albanais (eaux superficielles)<br>arrêté valable du 16/09/2022 au 31/10/2022
Saint-Jean-de-Couz (73160),Alerte renforcée,zone : Guiers – Chartreuse (eaux souterraines)<br>arrêté valable du 16/09/2022 au 31/10/2022
Saint-Jean-de-Couz (73160),Crise,zone : Lac du Bourget – Albanais (eaux souterraines)<br>arrêté valable du 16/09/2022 au 31/10/2022
Saint-Jean-de-Maurienne (73300),Alerte,zone : Maurienne (eaux superficielles)<br>arrêté valable du 16/09/2022 au 31/10/2022
Saint-Jean-de-Maurienne (73300),Alerte,zone : Maurienne (eaux souterraines)<br>arrêté valable du 16/09/2022 au 31/10/2022
Saint-Jean-de-la-Porte (73250),Alerte renforcée,zone : Combe de Savoie – Val Gelon (eaux superficielles)<br>arrêté valable du 16/09/2022 au 31/10/2022
Saint-Jean-de-la-Porte (73250),Alerte renforcée,zone : Combe de Savoie – Val Gelon (eaux souterraines)<br>arrêté valable du 16/09/2022 au 31/10/2022
Saint-Jeoire-Prieuré (73190),Alerte renforcée,zone : Combe de Savoie – Val Gelon (eaux superficielles)<br>arrêté valable du 16/09/2022 au 31/10/2022
Saint-Jeoire-Prieuré (73190),Crise,zone : Lac du Bourget – Albanais (eaux superficielles)<br>arrêté valable du 16/09/2022 au 31/10/2022
Saint-Jeoire-Prieuré (73190),Alerte renforcée,zone : Combe de Savoie – Val Gelon (eaux souterraines)<br>arrêté valable du 16/09/2022 au 31/10/2022
Saint-Jeoire-Prieuré (73190),Crise,zone : Lac du Bourget – Albanais (eaux souterraines)<br>arrêté valable du 16/09/2022 au 31/10/2022
Saint-Julien-Mont-Denis (73870),Alerte,zone : Maurienne (eaux superficielles)<br>arrêté valable du 16/09/2022 au 31/10/2022
Saint-Julien-Mont-Denis (73870),Alerte,zone : Maurienne (eaux souterraines)<br>arrêté valable du 16/09/2022 au 31/10/2022
Saint-Léger (73220),Alerte,zone : Maurienne (eaux superficielles)<br>arrêté valable du 16/09/2022 au 31/10/2022
Saint-Léger (73220),Alerte,zone : Maurienne (eaux souterraines)<br>arrêté valable du 16/09/2022 au 31/10/2022
Saint-Marcel (73600),Alerte,zone : Tarentaise (eaux superficielles)<br>arrêté valable du 16/09/2022 au 31/10/2022
Saint-Marcel (73600),Alerte,zone : Tarentaise (eaux souterraines)<br>arrêté valable du 16/09/2022 au 31/10/2022
Saint-Martin-d'Arc (73140),Alerte,zone : Maurienne (eaux superficielles)<br>arrêté valable du 16/09/2022 au 31/10/2022
Saint-Martin-d'Arc (73140),Alerte,zone : Maurienne (eaux souterraines)<br>arrêté valable du 16/09/2022 au 31/10/2022
Saint-Martin-de-la-Porte (73140),Alerte,zone : Maurienne (eaux superficielles)<br>arrêté valable du 16/09/2022 au 31/10/2022
Saint-Martin-de-la-Porte (73140),Alerte,zone : Maurienne (eaux souterraines)<br>arrêté valable du 16/09/2022 au 31/10/2022
Saint-Martin-sur-la-Chambre (73130),Alerte,zone : Maurienne (eaux superficielles)<br>arrêté valable du 16/09/2022 au 31/10/2022
Saint-Martin-sur-la-Chambre (73130),Alerte,zone : Maurienne (eaux souterraines)<br>arrêté valable du 16/09/2022 au 31/10/2022
Saint-Michel-de-Maurienne (73140),Alerte,zone : Maurienne (eaux superficielles)<br>arrêté valable du 16/09/2022 au 31/10/2022
Saint-Michel-de-Maurienne (73140),Alerte,zone : Maurienne (eaux souterraines)<br>arrêté valable du 16/09/2022 au 31/10/2022
Saint-Nicolas-la-Chapelle (73590),Alerte renforcée,zone : Beaufortain – Val D'Arly (eaux superficielles)<br>arrêté valable du 16/09/2022 au 31/10/2022
Saint-Nicolas-la-Chapelle (73590),Alerte renforcée,zone : Beaufortain – Val D'Arly (eaux souterraines)<br>arrêté valable du 16/09/2022 au 31/10/2022
Saint-Offenge (73100),Crise,zone : Lac du Bourget – Albanais (eaux superficielles)<br>arrêté valable du 16/09/2022 au 31/10/2022
Saint-Offenge (73100),Crise,zone : Lac du Bourget – Albanais (eaux souterraines)<br>arrêté valable du 16/09/2022 au 31/10/2022
Saint-Ours (73410),Crise,zone : Lac du Bourget – Albanais (eaux superficielles)<br>arrêté valable du 16/09/2022 au 31/10/2022
Saint-Ours (73410),Crise,zone : Lac du Bourget – Albanais (eaux souterraines)<br>arrêté valable du 16/09/2022 au 31/10/2022
Saint-Pancrace (73300),Alerte,zone : Maurienne (eaux superficielles)<br>arrêté valable du 16/09/2022 au 31/10/2022
Saint-Pancrace (73300),Alerte,zone : Maurienne (eaux souterraines)<br>arrêté valable du 16/09/2022 au 31/10/2022
Saint-Paul (73170),Crise,zone : Flon – Aiguebelette (eaux superficielles)<br>arrêté valable du 16/09/2022 au 31/10/2022
Saint-Paul (73170),Crise,zone : Flon – Aiguebelette (eaux souterraines)<br>arrêté valable du 16/09/2022 au 31/10/2022
Saint-Paul-sur-Isère (73730),Alerte,zone : Tarentaise (eaux superficielles)<br>arrêté valable du 16/09/2022 au 31/10/2022
Saint-Paul-sur-Isère (73730),Alerte,zone : Tarentaise (eaux souterraines)<br>arrêté valable du 16/09/2022 au 31/10/2022
Saint-Pierre-d'Albigny (73250),Alerte renforcée,zone : Combe de Savoie – Val Gelon (eaux superficielles)<br>arrêté valable du 16/09/2022 au 31/10/2022
Saint-Pierre-d'Albigny (73250),Alerte renforcée,zone : Combe de Savoie – Val Gelon (eaux souterraines)<br>arrêté valable du 16/09/2022 au 31/10/2022
Saint-Pierre-d'Alvey (73170),Crise,zone : Flon – Aiguebelette (eaux superficielles)<br>arrêté valable du 16/09/2022 au 31/10/2022
Saint-Pierre-d'Alvey (73170),Crise,zone : Flon – Aiguebelette (eaux souterraines)<br>arrêté valable du 16/09/2022 au 31/10/2022
Saint-Pierre-d'Entremont (73670),Alerte renforcée,zone : Guiers – Chartreuse (eaux superficielles)<br>arrêté valable du 16/09/2022 au 31/10/2022
Saint-Pierre-d'Entremont (73670),Alerte renforcée,zone : Guiers – Chartreuse (eaux souterraines)<br>arrêté valable du 16/09/2022 au 31/10/2022
Saint-Pierre-de-Belleville (73220),Alerte,zone : Maurienne (eaux superficielles)<br>arrêté valable du 16/09/2022 au 31/10/2022
Saint-Pierre-de-Belleville (73220),Alerte,zone : Maurienne (eaux souterraines)<br>arrêté valable du 16/09/2022 au 31/10/2022
Saint-Pierre-de-Curtille (73310),Crise,zone : Flon – Aiguebelette (eaux superficielles)<br>arrêté valable du 16/09/2022 au 31/10/2022
Saint-Pierre-de-Curtille (73310),Crise,zone : Lac du Bourget – Albanais (eaux superficielles)<br>arrêté valable du 16/09/2022 au 31/10/2022
Saint-Pierre-de-Curtille (73310),Crise,zone : Flon – Aiguebelette (eaux souterraines)<br>arrêté valable du 16/09/2022 au 31/10/2022
Saint-Pierre-de-Curtille (73310),Crise,zone : Lac du Bourget – Albanais (eaux souterraines)<br>arrêté valable du 16/09/2022 au 31/10/2022
Saint-Pierre-de-Genebroz (73360),Alerte renforcée,zone : Guiers – Chartreuse (eaux superficielles)<br>arrêté valable du 16/09/2022 au 31/10/2022
Saint-Pierre-de-Genebroz (73360),Alerte renforcée,zone : Guiers – Chartreuse (eaux souterraines)<br>arrêté valable du 16/09/2022 au 31/10/2022
Saint-Pierre-de-Soucy (73800),Alerte renforcée,zone : Combe de Savoie – Val Gelon (eaux superficielles)<br>arrêté valable du 16/09/2022 au 31/10/2022
Saint-Pierre-de-Soucy (73800),Alerte renforcée,zone : Combe de Savoie – Val Gelon (eaux souterraines)<br>arrêté valable du 16/09/2022 au 31/10/2022
Saint-Rémy-de-Maurienne (73660),Alerte,zone : Maurienne (eaux superficielles)<br>arrêté valable du 16/09/2022 au 31/10/2022
Saint-Rémy-de-Maurienne (73660),Alerte,zone : Maurienne (eaux souterraines)<br>arrêté valable du 16/09/2022 au 31/10/2022
Saint-Sorlin-d'Arves (73530),Alerte,zone : Maurienne (eaux superficielles)<br>arrêté valable du 16/09/2022 au 31/10/2022
Saint-Sorlin-d'Arves (73530),Alerte,zone : Maurienne (eaux souterraines)<br>arrêté valable du 16/09/2022 au 31/10/2022
Saint-Sulpice (73160),Crise,zone : Lac du Bourget – Albanais (eaux superficielles)<br>arrêté valable du 16/09/2022 au 31/10/2022
Saint-Sulpice (73160),Crise,zone : Lac du Bourget – Albanais (eaux souterraines)<br>arrêté valable du 16/09/2022 au 31/10/2022
Saint-Thibaud-de-Couz (73160),Crise,zone : Lac du Bourget – Albanais (eaux superficielles)<br>arrêté valable du 16/09/2022 au 31/10/2022
Saint-Thibaud-de-Couz (73160),Crise,zone : Lac du Bourget – Albanais (eaux souterraines)<br>arrêté valable du 16/09/2022 au 31/10/2022
Saint-Vital (73460),Alerte renforcée,zone : Combe de Savoie – Val Gelon (eaux superficielles)<br>arrêté valable du 16/09/2022 au 31/10/2022
Saint-Vital (73460),Alerte renforcée,zone : Combe de Savoie – Val Gelon (eaux souterraines)<br>arrêté valable du 16/09/2022 au 31/10/2022
Saint-Étienne-de-Cuines (73130),Alerte,zone : Maurienne (eaux superficielles)<br>arrêté valable du 16/09/2022 au 31/10/2022
Saint-Étienne-de-Cuines (73130),Alerte,zone : Maurienne (eaux souterraines)<br>arrêté valable du 16/09/2022 au 31/10/2022
Sainte-Foy-Tarentaise (73640),Alerte,zone : Tarentaise (eaux superficielles)<br>arrêté valable du 16/09/2022 au 31/10/2022
Sainte-Foy-Tarentaise (73640),Alerte,zone : Tarentaise (eaux souterraines)<br>arrêté valable du 16/09/2022 au 31/10/2022
Sainte-Hélène-du-Lac (73800),Alerte renforcée,zone : Combe de Savoie – Val Gelon (eaux superficielles)<br>arrêté valable du 16/09/2022 au 31/10/2022
Sainte-Hélène-du-Lac (73800),Alerte renforcée,zone : Combe de Savoie – Val Gelon (eaux souterraines)<br>arrêté valable du 16/09/2022 au 31/10/2022
Sainte-Hélène-sur-Isère (73460),Alerte renforcée,zone : Combe de Savoie – Val Gelon (eaux superficielles)<br>arrêté valable du 16/09/2022 au 31/10/2022
Sainte-Hélène-sur-Isère (73460),Alerte renforcée,zone : Combe de Savoie – Val Gelon (eaux souterraines)<br>arrêté valable du 16/09/2022 au 31/10/2022
Sainte-Marie-d'Alvey (73240),Crise,zone : Flon – Aiguebelette (eaux superficielles)<br>arrêté valable du 16/09/2022 au 31/10/2022
Sainte-Marie-d'Alvey (73240),Alerte renforcée,zone : Guiers – Chartreuse (eaux superficielles)<br>arrêté valable du 16/09/2022 au 31/10/2022
Sainte-Marie-d'Alvey (73240),Crise,zone : Flon – Aiguebelette (eaux souterraines)<br>arrêté valable du 16/09/2022 au 31/10/2022
Sainte-Marie-d'Alvey (73240),Alerte renforcée,zone : Guiers – Chartreuse (eaux souterraines)<br>arrêté valable du 16/09/2022 au 31/10/2022
Sainte-Marie-de-Cuines (73130),Alerte,zone : Maurienne (eaux superficielles)<br>arrêté valable du 16/09/2022 au 31/10/2022
Sainte-Marie-de-Cuines (73130),Alerte,zone : Maurienne (eaux souterraines)<br>arrêté valable du 16/09/2022 au 31/10/2022
Sainte-Reine (73630),Crise,zone : Chéran (eaux superficielles)<br>arrêté valable du 16/09/2022 au 31/10/2022
Sainte-Reine (73630),Crise,zone : Chéran (eaux souterraines)<br>arrêté valable du 16/09/2022 au 31/10/2022
Salins-Fontaine (73600),Alerte,zone : Tarentaise (eaux superficielles)<br>arrêté valable du 16/09/2022 au 31/10/2022
Salins-Fontaine (73600),Alerte,zone : Tarentaise (eaux souterraines)<br>arrêté valable du 16/09/2022 au 31/10/2022
Serrières-en-Chautagne (73310),Crise,zone : Lac du Bourget – Albanais (eaux superficielles)<br>arrêté valable du 16/09/2022 au 31/10/2022
Serrières-en-Chautagne (73310),Crise,zone : Lac du Bourget – Albanais (eaux souterraines)<br>arrêté valable du 16/09/2022 au 31/10/2022
Sonnaz (73000),Crise,zone : Lac du Bourget – Albanais (eaux superficielles)<br>arrêté valable du 16/09/2022 au 31/10/2022
Sonnaz (73000),Crise,zone : Lac du Bourget – Albanais (eaux souterraines)<br>arrêté valable du 16/09/2022 au 31/10/2022
Séez (73700),Alerte,zone : Tarentaise (eaux superficielles)<br>arrêté valable du 16/09/2022 au 31/10/2022
Séez (73700),Alerte,zone : Tarentaise (eaux souterraines)<br>arrêté valable du 16/09/2022 au 31/10/2022
Thoiry (73230),Crise,zone : Lac du Bourget – Albanais (eaux superficielles)<br>arrêté valable du 16/09/2022 au 31/10/2022
Thoiry (73230),Crise,zone : Lac du Bourget – Albanais (eaux souterraines)<br>arrêté valable du 16/09/2022 au 31/10/2022
Thénésol (73200),Alerte renforcée,zone : Combe de Savoie – Val Gelon (eaux superficielles)<br>arrêté valable du 16/09/2022 au 31/10/2022
Thénésol (73200),Alerte renforcée,zone : Combe de Savoie – Val Gelon (eaux souterraines)<br>arrêté valable du 16/09/2022 au 31/10/2022
Tignes (73320),Alerte,zone : Tarentaise (eaux superficielles)<br>arrêté valable du 16/09/2022 au 31/10/2022
Tignes (73320),Alerte,zone : Tarentaise (eaux souterraines)<br>arrêté valable du 16/09/2022 au 31/10/2022
Tournon (73460),Alerte renforcée,zone : Combe de Savoie – Val Gelon (eaux superficielles)<br>arrêté valable du 16/09/2022 au 31/10/2022
Tournon (73460),Alerte renforcée,zone : Combe de Savoie – Val Gelon (eaux souterraines)<br>arrêté valable du 16/09/2022 au 31/10/2022
Tours-en-Savoie (73790),Alerte,zone : Tarentaise (eaux superficielles)<br>arrêté valable du 16/09/2022 au 31/10/2022
Tours-en-Savoie (73790),Alerte,zone : Tarentaise (eaux souterraines)<br>arrêté valable du 16/09/2022 au 31/10/2022
Traize (73170),Crise,zone : Flon – Aiguebelette (eaux superficielles)<br>arrêté valable du 16/09/2022 au 31/10/2022
Traize (73170),Crise,zone : Flon – Aiguebelette (eaux souterraines)<br>arrêté valable du 16/09/2022 au 31/10/2022
Tresserve (73100),Crise,zone : Lac du Bourget – Albanais (eaux superficielles)<br>arrêté valable du 16/09/2022 au 31/10/2022
Tresserve (73100),Crise,zone : Lac du Bourget – Albanais (eaux souterraines)<br>arrêté valable du 16/09/2022 au 31/10/2022
Trévignin (73100),Crise,zone : Lac du Bourget – Albanais (eaux superficielles)<br>arrêté valable du 16/09/2022 au 31/10/2022
Trévignin (73100),Crise,zone : Lac du Bourget – Albanais (eaux souterraines)<br>arrêté valable du 16/09/2022 au 31/10/2022
Ugine (73400),Alerte renforcée,zone : Beaufortain – Val D'Arly (eaux superficielles)<br>arrêté valable du 16/09/2022 au 31/10/2022
Ugine (73400),Alerte renforcée,zone : Beaufortain – Val D'Arly (eaux souterraines)<br>arrêté valable du 16/09/2022 au 31/10/2022
"Val-Cenis (73480, 73500)",Alerte,zone : Maurienne (eaux superficielles)<br>arrêté valable du 16/09/2022 au 31/10/2022
"Val-Cenis (73480, 73500)",Alerte,zone : Maurienne (eaux souterraines)<br>arrêté valable du 16/09/2022 au 31/10/2022
Val-d'Arc (73220),Alerte,zone : Maurienne (eaux superficielles)<br>arrêté valable du 16/09/2022 au 31/10/2022
Val-d'Arc (73220),Alerte,zone : Maurienne (eaux souterraines)<br>arrêté valable du 16/09/2022 au 31/10/2022
Val-d'Isère (73150),Alerte,zone : Tarentaise (eaux superficielles)<br>arrêté valable du 16/09/2022 au 31/10/2022
Val-d'Isère (73150),Alerte,zone : Tarentaise (eaux souterraines)<br>arrêté valable du 16/09/2022 au 31/10/2022
Valgelon-La Rochette (73110),Alerte renforcée,zone : Combe de Savoie – Val Gelon (eaux superficielles)<br>arrêté valable du 16/09/2022 au 31/10/2022
Valgelon-La Rochette (73110),Alerte renforcée,zone : Combe de Savoie – Val Gelon (eaux souterraines)<br>arrêté valable du 16/09/2022 au 31/10/2022
Valloire (73450),Alerte,zone : Maurienne (eaux superficielles)<br>arrêté valable du 16/09/2022 au 31/10/2022
Valloire (73450),Alerte,zone : Maurienne (eaux souterraines)<br>arrêté valable du 16/09/2022 au 31/10/2022
Valmeinier (73450),Alerte,zone : Maurienne (eaux superficielles)<br>arrêté valable du 16/09/2022 au 31/10/2022
Valmeinier (73450),Alerte,zone : Maurienne (eaux souterraines)<br>arrêté valable du 16/09/2022 au 31/10/2022
Venthon (73200),Alerte renforcée,zone : Beaufortain – Val D'Arly (eaux superficielles)<br>arrêté valable du 16/09/2022 au 31/10/2022
Venthon (73200),Alerte renforcée,zone : Combe de Savoie – Val Gelon (eaux superficielles)<br>arrêté valable du 16/09/2022 au 31/10/2022
Venthon (73200),Alerte renforcée,zone : Beaufortain – Val D'Arly (eaux souterraines)<br>arrêté valable du 16/09/2022 au 31/10/2022
Venthon (73200),Alerte renforcée,zone : Combe de Savoie – Val Gelon (eaux souterraines)<br>arrêté valable du 16/09/2022 au 31/10/2022
Verel-Pragondran (73230),Crise,zone : Lac du Bourget – Albanais (eaux superficielles)<br>arrêté valable du 16/09/2022 au 31/10/2022
Verel-Pragondran (73230),Crise,zone : Lac du Bourget – Albanais (eaux souterraines)<br>arrêté valable du 16/09/2022 au 31/10/2022
Verel-de-Montbel (73330),Alerte renforcée,zone : Guiers – Chartreuse (eaux superficielles)<br>arrêté valable du 16/09/2022 au 31/10/2022
Verel-de-Montbel (73330),Alerte renforcée,zone : Guiers – Chartreuse (eaux souterraines)<br>arrêté valable du 16/09/2022 au 31/10/2022
Verrens-Arvey (73460),Alerte renforcée,zone : Combe de Savoie – Val Gelon (eaux superficielles)<br>arrêté valable du 16/09/2022 au 31/10/2022
Verrens-Arvey (73460),Alerte renforcée,zone : Combe de Savoie – Val Gelon (eaux souterraines)<br>arrêté valable du 16/09/2022 au 31/10/2022
Verthemex (73170),Crise,zone : Flon – Aiguebelette (eaux superficielles)<br>arrêté valable du 16/09/2022 au 31/10/2022
Verthemex (73170),Crise,zone : Flon – Aiguebelette (eaux souterraines)<br>arrêté valable du 16/09/2022 au 31/10/2022
Villard-Léger (73390),Alerte renforcée,zone : Combe de Savoie – Val Gelon (eaux superficielles)<br>arrêté valable du 16/09/2022 au 31/10/2022
Villard-Léger (73390),Alerte renforcée,zone : Combe de Savoie – Val Gelon (eaux souterraines)<br>arrêté valable du 16/09/2022 au 31/10/2022
Villard-Sallet (73110),Alerte renforcée,zone : Combe de Savoie – Val Gelon (eaux superficielles)<br>arrêté valable du 16/09/2022 au 31/10/2022
Villard-Sallet (73110),Alerte renforcée,zone : Combe de Savoie – Val Gelon (eaux souterraines)<br>arrêté valable du 16/09/2022 au 31/10/2022
Villard-d'Héry (73800),Alerte renforcée,zone : Combe de Savoie – Val Gelon (eaux superficielles)<br>arrêté valable du 16/09/2022 au 31/10/2022
Villard-d'Héry (73800),Alerte renforcée,zone : Combe de Savoie – Val Gelon (eaux souterraines)<br>arrêté valable du 16/09/2022 au 31/10/2022
Villard-sur-Doron (73270),Alerte renforcée,zone : Beaufortain – Val D'Arly (eaux superficielles)<br>arrêté valable du 16/09/2022 au 31/10/2022
Villard-sur-Doron (73270),Alerte renforcée,zone : Beaufortain – Val D'Arly (eaux souterraines)<br>arrêté valable du 16/09/2022 au 31/10/2022
Villarembert (73300),Alerte,zone : Maurienne (eaux superficielles)<br>arrêté valable du 16/09/2022 au 31/10/2022
Villarembert (73300),Alerte,zone : Maurienne (eaux souterraines)<br>arrêté valable du 16/09/2022 au 31/10/2022
Villargondran (73300),Alerte,zone : Maurienne (eaux superficielles)<br>arrêté valable du 16/09/2022 au 31/10/2022
Villargondran (73300),Alerte,zone : Maurienne (eaux souterraines)<br>arrêté valable du 16/09/2022 au 31/10/2022
Villarodin-Bourget (73500),Alerte,zone : Maurienne (eaux superficielles)<br>arrêté valable du 16/09/2022 au 31/10/2022
Villarodin-Bourget (73500),Alerte,zone : Maurienne (eaux souterraines)<br>arrêté valable du 16/09/2022 au 31/10/2022
Villaroger (73640),Alerte,zone : Tarentaise (eaux superficielles)<br>arrêté valable du 16/09/2022 au 31/10/2022
Villaroger (73640),Alerte,zone : Tarentaise (eaux souterraines)<br>arrêté valable du 16/09/2022 au 31/10/2022
Villaroux (73110),Alerte renforcée,zone : Combe de Savoie – Val Gelon (eaux superficielles)<br>arrêté valable du 16/09/2022 au 31/10/2022
Villaroux (73110),Alerte renforcée,zone : Combe de Savoie – Val Gelon (eaux souterraines)<br>arrêté valable du 16/09/2022 au 31/10/2022
Vimines (73160),Crise,zone : Lac du Bourget – Albanais (eaux superficielles)<br>arrêté valable du 16/09/2022 au 31/10/2022
Vimines (73160),Crise,zone : Lac du Bourget – Albanais (eaux souterraines)<br>arrêté valable du 16/09/2022 au 31/10/2022
Vions (73310),Crise,zone : Lac du Bourget – Albanais (eaux superficielles)<br>arrêté valable du 16/09/2022 au 31/10/2022
Vions (73310),Crise,zone : Lac du Bourget – Albanais (eaux souterraines)<br>arrêté valable du 16/09/2022 au 31/10/2022
Viviers-du-Lac (73420),Crise,zone : Lac du Bourget – Albanais (eaux superficielles)<br>arrêté valable du 16/09/2022 au 31/10/2022
Viviers-du-Lac (73420),Crise,zone : Lac du Bourget – Albanais (eaux souterraines)<br>arrêté valable du 16/09/2022 au 31/10/2022
Voglans (73420),Crise,zone : Lac du Bourget – Albanais (eaux superficielles)<br>arrêté valable du 16/09/2022 au 31/10/2022
Voglans (73420),Crise,zone : Lac du Bourget – Albanais (eaux souterraines)<br>arrêté valable du 16/09/2022 au 31/10/2022
Yenne (73170),Crise,zone : Flon – Aiguebelette (eaux superficielles)<br>arrêté valable du 16/09/2022 au 31/10/2022
Yenne (73170),Crise,zone : Flon – Aiguebelette (eaux souterraines)<br>arrêté valable du 16/09/2022 au 31/10/2022
École (73630),Crise,zone : Chéran (eaux superficielles)<br>arrêté valable du 16/09/2022 au 31/10/2022
École (73630),Crise,zone : Chéran (eaux souterraines)<br>arrêté valable du 16/09/2022 au 31/10/2022
Épierre (73220),Alerte,zone : Maurienne (eaux superficielles)<br>arrêté valable du 16/09/2022 au 31/10/2022
Épierre (73220),Alerte,zone : Maurienne (eaux souterraines)<br>arrêté valable du 16/09/2022 au 31/10/2022
Abondance (74360),Crise,zone : bassin des Dranses (eaux superficielles)<br>arrêté valable du 05/08/2022 au 30/09/2022
Alby-sur-Chéran (74540),Crise,zone : bassin du Chéran (eaux superficielles)<br>arrêté valable du 27/07/2022 au 30/09/2022
Alex (74290),Crise,zone : bassin du Fier (eaux superficielles)<br>arrêté valable du 05/08/2022 au 30/09/2022
Allinges (74200),Crise,zone : bassin du Sud-Ouest Lémanique (eaux superficielles)<br>arrêté valable du 05/08/2022 au 30/09/2022
Allonzier-la-Caille (74350),Crise,zone : bassin des Usses (eaux superficielles)<br>arrêté valable du 05/08/2022 au 30/09/2022
Allèves (74540),Crise,zone : bassin du Chéran (eaux superficielles)<br>arrêté valable du 27/07/2022 au 30/09/2022
Amancy (74800),Alerte renforcée,zone : bassin de l Arve aval (eaux superficielles)<br>arrêté valable du 18/07/2022 au 30/09/2022
Ambilly (74100),Alerte renforcée,zone : bassin de l Arve aval (eaux superficielles)<br>arrêté valable du 18/07/2022 au 30/09/2022
Andilly (74350),Crise,zone : bassin des Usses (eaux superficielles)<br>arrêté valable du 05/08/2022 au 30/09/2022
"Annecy (74600, 74960, 74370, 74000, 74940)",Crise,zone : bassin du Fier (eaux superficielles)<br>arrêté valable du 05/08/2022 au 30/09/2022
Annemasse (74100),Alerte renforcée,zone : bassin de l Arve aval (eaux superficielles)<br>arrêté valable du 18/07/2022 au 30/09/2022
Anthy-sur-Léman (74200),Crise,zone : bassin du Sud-Ouest Lémanique (eaux superficielles)<br>arrêté valable du 05/08/2022 au 30/09/2022
Arbusigny (74930),Alerte renforcée,zone : bassin de l Arve aval (eaux superficielles)<br>arrêté valable du 18/07/2022 au 30/09/2022
Archamps (74160),Alerte,zone : bassin du Genevois (eaux superficielles)<br>arrêté valable du 23/09/2022 au 30/10/2022
Arenthon (74800),Alerte renforcée,zone : bassin de l Arve aval (eaux superficielles)<br>arrêté valable du 18/07/2022 au 30/09/2022
Argonay (74370),Crise,zone : bassin du Fier (eaux superficielles)<br>arrêté valable du 05/08/2022 au 30/09/2022
Armoy (74200),Crise,zone : bassin du Sud-Ouest Lémanique (eaux superficielles)<br>arrêté valable du 05/08/2022 au 30/09/2022
Arthaz-Pont-Notre-Dame (74380),Alerte renforcée,zone : bassin de l Arve aval (eaux superficielles)<br>arrêté valable du 18/07/2022 au 30/09/2022
Arâches-la-Frasse (74300),Alerte,zone : bassin du l Arve amont (eaux superficielles)<br>arrêté valable du 18/07/2022 au 30/09/2022
Ayse (74130),Alerte renforcée,zone : bassin de l Arve médian (eaux superficielles)<br>arrêté valable du 18/07/2022 au 30/09/2022
Ballaison (74140),Crise,zone : bassin du Sud-Ouest Lémanique (eaux superficielles)<br>arrêté valable du 05/08/2022 au 30/09/2022
Bassy (74910),Crise,zone : bassin des Usses (eaux superficielles)<br>arrêté valable du 05/08/2022 au 30/09/2022
Beaumont (74160),Alerte,zone : bassin du Genevois (eaux superficielles)<br>arrêté valable du 23/09/2022 au 30/10/2022
Bellevaux (74470),Crise,zone : bassin des Dranses (eaux superficielles)<br>arrêté valable du 05/08/2022 au 30/09/2022
Bernex (74500),Crise,zone : bassin des Dranses (eaux superficielles)<br>arrêté valable du 05/08/2022 au 30/09/2022
Bloye (74150),Crise,zone : bassin du Chéran (eaux superficielles)<br>arrêté valable du 27/07/2022 au 30/09/2022
Bluffy (74290),Crise,zone : bassin du Fier (eaux superficielles)<br>arrêté valable du 05/08/2022 au 30/09/2022
Bogève (74250),Alerte renforcée,zone : bassin de l Arve aval (eaux superficielles)<br>arrêté valable du 18/07/2022 au 30/09/2022
Bonne (74380),Alerte renforcée,zone : bassin de l Arve aval (eaux superficielles)<br>arrêté valable du 18/07/2022 au 30/09/2022
Bonnevaux (74360),Crise,zone : bassin des Dranses (eaux superficielles)<br>arrêté valable du 05/08/2022 au 30/09/2022
Bonneville (74130),Alerte renforcée,zone : bassin de l Arve médian (eaux superficielles)<br>arrêté valable du 18/07/2022 au 30/09/2022
Bons-en-Chablais (74890),Crise,zone : bassin du Sud-Ouest Lémanique (eaux superficielles)<br>arrêté valable du 05/08/2022 au 30/09/2022
Bossey (74160),Alerte,zone : bassin du Genevois (eaux superficielles)<br>arrêté valable du 23/09/2022 au 30/10/2022
Boussy (74150),Crise,zone : bassin du Chéran (eaux superficielles)<br>arrêté valable du 27/07/2022 au 30/09/2022
Boëge (74420),Alerte renforcée,zone : bassin de l Arve aval (eaux superficielles)<br>arrêté valable du 18/07/2022 au 30/09/2022
Brenthonne (74890),Crise,zone : bassin du Sud-Ouest Lémanique (eaux superficielles)<br>arrêté valable du 05/08/2022 au 30/09/2022
Brizon (74130),Alerte renforcée,zone : bassin de l Arve médian (eaux superficielles)<br>arrêté valable du 18/07/2022 au 30/09/2022
Burdignin (74420),Alerte renforcée,zone : bassin de l Arve aval (eaux superficielles)<br>arrêté valable du 18/07/2022 au 30/09/2022
Cercier (74350),Crise,zone : bassin des Usses (eaux superficielles)<br>arrêté valable du 05/08/2022 au 30/09/2022
Cernex (74350),Crise,zone : bassin des Usses (eaux superficielles)<br>arrêté valable du 05/08/2022 au 30/09/2022
Cervens (74550),Crise,zone : bassin du Sud-Ouest Lémanique (eaux superficielles)<br>arrêté valable du 05/08/2022 au 30/09/2022
Chainaz-les-Frasses (74540),Crise,zone : bassin du Chéran (eaux superficielles)<br>arrêté valable du 27/07/2022 au 30/09/2022
Challonges (74910),Crise,zone : bassin des Usses (eaux superficielles)<br>arrêté valable du 05/08/2022 au 30/09/2022
Chamonix-Mont-Blanc (74400),Alerte,zone : bassin du l Arve amont (eaux superficielles)<br>arrêté valable du 18/07/2022 au 30/09/2022
Champanges (74500),Crise,zone : bassin des Dranses (eaux superficielles)<br>arrêté valable du 05/08/2022 au 30/09/2022
Chapeiry (74540),Crise,zone : bassin du Fier (eaux superficielles)<br>arrêté valable du 05/08/2022 au 30/09/2022
Chapeiry (74540),Crise,zone : bassin du Chéran (eaux superficielles)<br>arrêté valable du 27/07/2022 au 30/09/2022
Charvonnex (74370),Crise,zone : bassin du Fier (eaux superficielles)<br>arrêté valable du 05/08/2022 au 30/09/2022
Chaumont (74270),Crise,zone : bassin des Usses (eaux superficielles)<br>arrêté valable du 05/08/2022 au 30/09/2022
Chavannaz (74270),Crise,zone : bassin des Usses (eaux superficielles)<br>arrêté valable du 05/08/2022 au 30/09/2022
Chavanod (74650),Crise,zone : bassin du Fier (eaux superficielles)<br>arrêté valable du 05/08/2022 au 30/09/2022
Chens-sur-Léman (74140),Crise,zone : bassin du Sud-Ouest Lémanique (eaux superficielles)<br>arrêté valable du 05/08/2022 au 30/09/2022
Chessenaz (74270),Crise,zone : bassin des Usses (eaux superficielles)<br>arrêté valable du 05/08/2022 au 30/09/2022
Chevaline (74210),Crise,zone : bassin du Fier (eaux superficielles)<br>arrêté valable du 05/08/2022 au 30/09/2022
Chevenoz (74500),Crise,zone : bassin des Dranses (eaux superficielles)<br>arrêté valable du 05/08/2022 au 30/09/2022
Chevrier (74520),Alerte,zone : bassin du Genevois (eaux superficielles)<br>arrêté valable du 23/09/2022 au 30/10/2022
Chilly (74270),Crise,zone : bassin des Usses (eaux superficielles)<br>arrêté valable du 05/08/2022 au 30/09/2022
Choisy (74330),Crise,zone : bassin des Usses (eaux superficielles)<br>arrêté valable du 05/08/2022 au 30/09/2022
Châtel (74390),Crise,zone : bassin des Dranses (eaux superficielles)<br>arrêté valable du 05/08/2022 au 30/09/2022
Châtillon-sur-Cluses (74300),Alerte renforcée,zone : bassin de l Arve médian (eaux superficielles)<br>arrêté valable du 18/07/2022 au 30/09/2022
Chêne-en-Semine (74270),Crise,zone : bassin des Usses (eaux superficielles)<br>arrêté valable du 05/08/2022 au 30/09/2022
Chênex (74520),Alerte,zone : bassin du Genevois (eaux superficielles)<br>arrêté valable du 23/09/2022 au 30/10/2022
Chênex (74520),Crise,zone : bassin des Usses (eaux superficielles)<br>arrêté valable du 05/08/2022 au 30/09/2022
Clarafond-Arcine (74270),Crise,zone : bassin des Usses (eaux superficielles)<br>arrêté valable du 05/08/2022 au 30/09/2022
Clermont (74270),Crise,zone : bassin des Usses (eaux superficielles)<br>arrêté valable du 05/08/2022 au 30/09/2022
Cluses (74300),Alerte renforcée,zone : bassin de l Arve médian (eaux superficielles)<br>arrêté valable du 18/07/2022 au 30/09/2022
Collonges-sous-Salève (74160),Alerte,zone : bassin du Genevois (eaux superficielles)<br>arrêté valable du 23/09/2022 au 30/10/2022
Combloux (74920),Alerte,zone : bassin du l Arve amont (eaux superficielles)<br>arrêté valable du 18/07/2022 au 30/09/2022
Contamine-Sarzin (74270),Crise,zone : bassin des Usses (eaux superficielles)<br>arrêté valable du 05/08/2022 au 30/09/2022
Contamine-sur-Arve (74130),Alerte renforcée,zone : bassin de l Arve aval (eaux superficielles)<br>arrêté valable du 18/07/2022 au 30/09/2022
Copponex (74350),Crise,zone : bassin des Usses (eaux superficielles)<br>arrêté valable du 05/08/2022 au 30/09/2022
Cordon (74700),Alerte,zone : bassin du l Arve amont (eaux superficielles)<br>arrêté valable du 18/07/2022 au 30/09/2022
Cornier (74800),Alerte renforcée,zone : bassin de l Arve aval (eaux superficielles)<br>arrêté valable du 18/07/2022 au 30/09/2022
Cranves-Sales (74380),Alerte renforcée,zone : bassin de l Arve aval (eaux superficielles)<br>arrêté valable du 18/07/2022 au 30/09/2022
Crempigny-Bonneguête (74150),Crise,zone : bassin du Fier (eaux superficielles)<br>arrêté valable du 05/08/2022 au 30/09/2022
Cruseilles (74350),Crise,zone : bassin des Usses (eaux superficielles)<br>arrêté valable du 05/08/2022 au 30/09/2022
Cusy (74540),Crise,zone : bassin du Chéran (eaux superficielles)<br>arrêté valable du 27/07/2022 au 30/09/2022
Cuvat (74350),Crise,zone : bassin du Fier (eaux superficielles)<br>arrêté valable du 05/08/2022 au 30/09/2022
Demi-Quartier (74120),Alerte,zone : bassin du l Arve amont (eaux superficielles)<br>arrêté valable du 18/07/2022 au 30/09/2022
Desingy (74270),Crise,zone : bassin des Usses (eaux superficielles)<br>arrêté valable du 05/08/2022 au 30/09/2022
Dingy-Saint-Clair (74230),Crise,zone : bassin du Fier (eaux superficielles)<br>arrêté valable du 05/08/2022 au 30/09/2022
Dingy-en-Vuache (74520),Alerte,zone : bassin du Genevois (eaux superficielles)<br>arrêté valable du 23/09/2022 au 30/10/2022
Dingy-en-Vuache (74520),Crise,zone : bassin des Usses (eaux superficielles)<br>arrêté valable du 05/08/2022 au 30/09/2022
Domancy (74700),Alerte,zone : bassin du l Arve amont (eaux superficielles)<br>arrêté valable du 18/07/2022 au 30/09/2022
Doussard (74210),Crise,zone : bassin du Fier (eaux superficielles)<br>arrêté valable du 05/08/2022 au 30/09/2022
Douvaine (74140),Crise,zone : bassin du Sud-Ouest Lémanique (eaux superficielles)<br>arrêté valable du 05/08/2022 au 30/09/2022
Draillant (74550),Crise,zone : bassin du Sud-Ouest Lémanique (eaux superficielles)<br>arrêté valable du 05/08/2022 au 30/09/2022
Droisy (74270),Crise,zone : bassin des Usses (eaux superficielles)<br>arrêté valable du 05/08/2022 au 30/09/2022
Duingt (74410),Crise,zone : bassin du Fier (eaux superficielles)<br>arrêté valable du 05/08/2022 au 30/09/2022
Entrevernes (74410),Crise,zone : bassin du Fier (eaux superficielles)<br>arrêté valable du 05/08/2022 au 30/09/2022
"Epagny Metz-Tessy (74370, 74330)",Crise,zone : bassin du Fier (eaux superficielles)<br>arrêté valable du 05/08/2022 au 30/09/2022
Essert-Romand (74110),Crise,zone : bassin des Dranses (eaux superficielles)<br>arrêté valable du 05/08/2022 au 30/09/2022
Etaux (74800),Alerte renforcée,zone : bassin de l Arve aval (eaux superficielles)<br>arrêté valable du 18/07/2022 au 30/09/2022
Excenevex (74140),Crise,zone : bassin du Sud-Ouest Lémanique (eaux superficielles)<br>arrêté valable du 05/08/2022 au 30/09/2022
Faucigny (74130),Alerte renforcée,zone : bassin de l Arve médian (eaux superficielles)<br>arrêté valable du 18/07/2022 au 30/09/2022
Faucigny (74130),Alerte renforcée,zone : bassin de l Arve aval (eaux superficielles)<br>arrêté valable du 18/07/2022 au 30/09/2022
Faverges-Seythenex (74210),Crise,zone : bassin du Fier (eaux superficielles)<br>arrêté valable du 05/08/2022 au 30/09/2022
Feigères (74160),Alerte,zone : bassin du Genevois (eaux superficielles)<br>arrêté valable du 23/09/2022 au 30/10/2022
Fessy (74890),Crise,zone : bassin du Sud-Ouest Lémanique (eaux superficielles)<br>arrêté valable du 05/08/2022 au 30/09/2022
Fillinges (74250),Alerte renforcée,zone : bassin de l Arve aval (eaux superficielles)<br>arrêté valable du 18/07/2022 au 30/09/2022
"Fillière (74570, 74370)",Crise,zone : bassin du Fier (eaux superficielles)<br>arrêté valable du 05/08/2022 au 30/09/2022
Franclens (74910),Crise,zone : bassin des Usses (eaux superficielles)<br>arrêté valable du 05/08/2022 au 30/09/2022
Frangy (74270),Crise,zone : bassin des Usses (eaux superficielles)<br>arrêté valable du 05/08/2022 au 30/09/2022
Féternes (74500),Crise,zone : bassin des Dranses (eaux superficielles)<br>arrêté valable du 05/08/2022 au 30/09/2022
Gaillard (74240),Alerte renforcée,zone : bassin de l Arve aval (eaux superficielles)<br>arrêté valable du 18/07/2022 au 30/09/2022
Giez (74210),Crise,zone : bassin du Fier (eaux superficielles)<br>arrêté valable du 05/08/2022 au 30/09/2022
Glières-Val-de-Borne (74130),Alerte renforcée,zone : bassin de l Arve médian (eaux superficielles)<br>arrêté valable du 18/07/2022 au 30/09/2022
Groisy (74570),Crise,zone : bassin du Fier (eaux superficielles)<br>arrêté valable du 05/08/2022 au 30/09/2022
Gruffy (74540),Crise,zone : bassin du Chéran (eaux superficielles)<br>arrêté valable du 27/07/2022 au 30/09/2022
Habère-Lullin (74420),Alerte renforcée,zone : bassin de l Arve aval (eaux superficielles)<br>arrêté valable du 18/07/2022 au 30/09/2022
Habère-Poche (74420),Alerte renforcée,zone : bassin de l Arve aval (eaux superficielles)<br>arrêté valable du 18/07/2022 au 30/09/2022
Hauteville-sur-Fier (74150),Crise,zone : bassin du Fier (eaux superficielles)<br>arrêté valable du 05/08/2022 au 30/09/2022
Hauteville-sur-Fier (74150),Crise,zone : bassin du Chéran (eaux superficielles)<br>arrêté valable du 27/07/2022 au 30/09/2022
Héry-sur-Alby (74540),Crise,zone : bassin du Chéran (eaux superficielles)<br>arrêté valable du 27/07/2022 au 30/09/2022
Jonzier-Épagny (74520),Crise,zone : bassin des Usses (eaux superficielles)<br>arrêté valable du 05/08/2022 au 30/09/2022
Juvigny (74100),Alerte renforcée,zone : bassin de l Arve aval (eaux superficielles)<br>arrêté valable du 18/07/2022 au 30/09/2022
La Balme-de-Sillingy (74330),Crise,zone : bassin des Usses (eaux superficielles)<br>arrêté valable du 05/08/2022 au 30/09/2022
La Balme-de-Thuy (74230),Crise,zone : bassin du Fier (eaux superficielles)<br>arrêté valable du 05/08/2022 au 30/09/2022
La Baume (74430),Crise,zone : bassin des Dranses (eaux superficielles)<br>arrêté valable du 05/08/2022 au 30/09/2022
La Chapelle-Rambaud (74800),Alerte renforcée,zone : bassin de l Arve aval (eaux superficielles)<br>arrêté valable du 18/07/2022 au 30/09/2022
La Chapelle-Saint-Maurice (74410),Crise,zone : bassin du Fier (eaux superficielles)<br>arrêté valable du 05/08/2022 au 30/09/2022
La Chapelle-d'Abondance (74360),Crise,zone : bassin des Dranses (eaux superficielles)<br>arrêté valable du 05/08/2022 au 30/09/2022
La Clusaz (74220),Crise,zone : bassin du Fier (eaux superficielles)<br>arrêté valable du 05/08/2022 au 30/09/2022
La Côte-d'Arbroz (74110),Alerte renforcée,zone : bassin de l Arve médian (eaux superficielles)<br>arrêté valable du 18/07/2022 au 30/09/2022
La Forclaz (74200),Crise,zone : bassin des Dranses (eaux superficielles)<br>arrêté valable du 05/08/2022 au 30/09/2022
La Muraz (74560),Alerte renforcée,zone : bassin de l Arve aval (eaux superficielles)<br>arrêté valable du 18/07/2022 au 30/09/2022
La Rivière-Enverse (74440),Alerte renforcée,zone : bassin de l Arve médian (eaux superficielles)<br>arrêté valable du 18/07/2022 au 30/09/2022
La Roche-sur-Foron (74800),Alerte renforcée,zone : bassin de l Arve aval (eaux superficielles)<br>arrêté valable du 18/07/2022 au 30/09/2022
La Tour (74250),Alerte renforcée,zone : bassin de l Arve aval (eaux superficielles)<br>arrêté valable du 18/07/2022 au 30/09/2022
La Vernaz (74200),Crise,zone : bassin des Dranses (eaux superficielles)<br>arrêté valable du 05/08/2022 au 30/09/2022
Larringes (74500),Crise,zone : bassin des Dranses (eaux superficielles)<br>arrêté valable du 05/08/2022 au 30/09/2022
Lathuile (74210),Crise,zone : bassin du Fier (eaux superficielles)<br>arrêté valable du 05/08/2022 au 30/09/2022
Le Biot (74430),Crise,zone : bassin des Dranses (eaux superficielles)<br>arrêté valable du 05/08/2022 au 30/09/2022
Le Bouchet-Mont-Charvin (74230),Crise,zone : bassin du Fier (eaux superficielles)<br>arrêté valable du 05/08/2022 au 30/09/2022
Le Grand-Bornand (74450),Alerte renforcée,zone : bassin de l Arve médian (eaux superficielles)<br>arrêté valable du 18/07/2022 au 30/09/2022
Le Reposoir (74950),Alerte renforcée,zone : bassin de l Arve médian (eaux superficielles)<br>arrêté valable du 18/07/2022 au 30/09/2022
Le Sappey (74350),Crise,zone : bassin des Usses (eaux superficielles)<br>arrêté valable du 05/08/2022 au 30/09/2022
Les Clefs (74230),Crise,zone : bassin du Fier (eaux superficielles)<br>arrêté valable du 05/08/2022 au 30/09/2022
Les Contamines-Montjoie (74170),Alerte,zone : bassin du l Arve amont (eaux superficielles)<br>arrêté valable du 18/07/2022 au 30/09/2022
Les Gets (74260),Alerte renforcée,zone : bassin de l Arve médian (eaux superficielles)<br>arrêté valable du 18/07/2022 au 30/09/2022
Les Houches (74310),Alerte,zone : bassin du l Arve amont (eaux superficielles)<br>arrêté valable du 18/07/2022 au 30/09/2022
Les Villards-sur-Thônes (74230),Crise,zone : bassin du Fier (eaux superficielles)<br>arrêté valable du 05/08/2022 au 30/09/2022
Leschaux (74320),Crise,zone : bassin du Chéran (eaux superficielles)<br>arrêté valable du 27/07/2022 au 30/09/2022
Loisin (74140),Crise,zone : bassin du Sud-Ouest Lémanique (eaux superficielles)<br>arrêté valable du 05/08/2022 au 30/09/2022
Lornay (74150),Crise,zone : bassin du Fier (eaux superficielles)<br>arrêté valable du 05/08/2022 au 30/09/2022
Lovagny (74330),Crise,zone : bassin du Fier (eaux superficielles)<br>arrêté valable du 05/08/2022 au 30/09/2022
Lucinges (74380),Alerte renforcée,zone : bassin de l Arve aval (eaux superficielles)<br>arrêté valable du 18/07/2022 au 30/09/2022
Lugrin (74500),Crise,zone : bassin des Dranses (eaux superficielles)<br>arrêté valable du 05/08/2022 au 30/09/2022
Lullin (74470),Crise,zone : bassin des Dranses (eaux superficielles)<br>arrêté valable du 05/08/2022 au 30/09/2022
Lully (74890),Crise,zone : bassin du Sud-Ouest Lémanique (eaux superficielles)<br>arrêté valable du 05/08/2022 au 30/09/2022
Lyaud (74200),Crise,zone : bassin du Sud-Ouest Lémanique (eaux superficielles)<br>arrêté valable du 05/08/2022 au 30/09/2022
Machilly (74140),Crise,zone : bassin du Sud-Ouest Lémanique (eaux superficielles)<br>arrêté valable du 05/08/2022 au 30/09/2022
Machilly (74140),Alerte renforcée,zone : bassin de l Arve aval (eaux superficielles)<br>arrêté valable du 18/07/2022 au 30/09/2022
Magland (74300),Alerte,zone : bassin du l Arve amont (eaux superficielles)<br>arrêté valable du 18/07/2022 au 30/09/2022
Manigod (74230),Crise,zone : bassin du Fier (eaux superficielles)<br>arrêté valable du 05/08/2022 au 30/09/2022
Marcellaz (74250),Alerte renforcée,zone : bassin de l Arve aval (eaux superficielles)<br>arrêté valable du 18/07/2022 au 30/09/2022
Marcellaz-Albanais (74150),Crise,zone : bassin du Chéran (eaux superficielles)<br>arrêté valable du 27/07/2022 au 30/09/2022
Margencel (74200),Crise,zone : bassin du Sud-Ouest Lémanique (eaux superficielles)<br>arrêté valable du 05/08/2022 au 30/09/2022
Marignier (74970),Alerte renforcée,zone : bassin de l Arve médian (eaux superficielles)<br>arrêté valable du 18/07/2022 au 30/09/2022
Marigny-Saint-Marcel (74150),Crise,zone : bassin du Chéran (eaux superficielles)<br>arrêté valable du 27/07/2022 au 30/09/2022
Marin (74200),Crise,zone : bassin des Dranses (eaux superficielles)<br>arrêté valable du 05/08/2022 au 30/09/2022
Marlioz (74270),Crise,zone : bassin des Usses (eaux superficielles)<br>arrêté valable du 05/08/2022 au 30/09/2022
Marnaz (74460),Alerte renforcée,zone : bassin de l Arve médian (eaux superficielles)<br>arrêté valable du 18/07/2022 au 30/09/2022
Massingy (74150),Crise,zone : bassin du Chéran (eaux superficielles)<br>arrêté valable du 27/07/2022 au 30/09/2022
Massongy (74140),Crise,zone : bassin du Sud-Ouest Lémanique (eaux superficielles)<br>arrêté valable du 05/08/2022 au 30/09/2022
Maxilly-sur-Léman (74500),Crise,zone : bassin des Dranses (eaux superficielles)<br>arrêté valable du 05/08/2022 au 30/09/2022
Megève (74120),Alerte,zone : bassin du l Arve amont (eaux superficielles)<br>arrêté valable du 18/07/2022 au 30/09/2022
Meillerie (74500),Crise,zone : bassin des Dranses (eaux superficielles)<br>arrêté valable du 05/08/2022 au 30/09/2022
Menthon-Saint-Bernard (74290),Crise,zone : bassin du Fier (eaux superficielles)<br>arrêté valable du 05/08/2022 au 30/09/2022
Menthonnex-en-Bornes (74350),Crise,zone : bassin des Usses (eaux superficielles)<br>arrêté valable du 05/08/2022 au 30/09/2022
Menthonnex-sous-Clermont (74270),Crise,zone : bassin du Fier (eaux superficielles)<br>arrêté valable du 05/08/2022 au 30/09/2022
Messery (74140),Crise,zone : bassin du Sud-Ouest Lémanique (eaux superficielles)<br>arrêté valable du 05/08/2022 au 30/09/2022
Mieussy (74440),Alerte renforcée,zone : bassin de l Arve médian (eaux superficielles)<br>arrêté valable du 18/07/2022 au 30/09/2022
Minzier (74270),Crise,zone : bassin des Usses (eaux superficielles)<br>arrêté valable du 05/08/2022 au 30/09/2022
Monnetier-Mornex (74560),Alerte renforcée,zone : bassin de l Arve aval (eaux superficielles)<br>arrêté valable du 18/07/2022 au 30/09/2022
Mont-Saxonnex (74130),Alerte renforcée,zone : bassin de l Arve médian (eaux superficielles)<br>arrêté valable du 18/07/2022 au 30/09/2022
Montagny-les-Lanches (74600),Crise,zone : bassin du Fier (eaux superficielles)<br>arrêté valable du 05/08/2022 au 30/09/2022
Montriond (74110),Crise,zone : bassin des Dranses (eaux superficielles)<br>arrêté valable du 05/08/2022 au 30/09/2022
Morillon (74440),Alerte,zone : bassin du l Arve amont (eaux superficielles)<br>arrêté valable du 18/07/2022 au 30/09/2022
Morzine (74110),Crise,zone : bassin des Dranses (eaux superficielles)<br>arrêté valable du 05/08/2022 au 30/09/2022
Moye (74150),Crise,zone : bassin du Fier (eaux superficielles)<br>arrêté valable du 05/08/2022 au 30/09/2022
Musièges (74270),Crise,zone : bassin des Usses (eaux superficielles)<br>arrêté valable du 05/08/2022 au 30/09/2022
Mégevette (74490),Alerte renforcée,zone : bassin de l Arve médian (eaux superficielles)<br>arrêté valable du 18/07/2022 au 30/09/2022
Mésigny (74330),Crise,zone : bassin des Usses (eaux superficielles)<br>arrêté valable du 05/08/2022 au 30/09/2022
Mûres (74540),Crise,zone : bassin du Chéran (eaux superficielles)<br>arrêté valable du 27/07/2022 au 30/09/2022
Nancy-sur-Cluses (74300),Alerte renforcée,zone : bassin de l Arve médian (eaux superficielles)<br>arrêté valable du 18/07/2022 au 30/09/2022
Nangy (74380),Alerte renforcée,zone : bassin de l Arve aval (eaux superficielles)<br>arrêté valable du 18/07/2022 au 30/09/2022
Nernier (74140),Crise,zone : bassin du Sud-Ouest Lémanique (eaux superficielles)<br>arrêté valable du 05/08/2022 au 30/09/2022
Neuvecelle (74500),Crise,zone : bassin des Dranses (eaux superficielles)<br>arrêté valable du 05/08/2022 au 30/09/2022
Neydens (74160),Alerte,zone : bassin du Genevois (eaux superficielles)<br>arrêté valable du 23/09/2022 au 30/10/2022
Nonglard (74330),Crise,zone : bassin du Fier (eaux superficielles)<br>arrêté valable du 05/08/2022 au 30/09/2022
Novel (74500),Crise,zone : bassin des Dranses (eaux superficielles)<br>arrêté valable du 05/08/2022 au 30/09/2022
Nâves-Parmelan (74370),Crise,zone : bassin du Fier (eaux superficielles)<br>arrêté valable du 05/08/2022 au 30/09/2022
Onnion (74490),Alerte renforcée,zone : bassin de l Arve médian (eaux superficielles)<br>arrêté valable du 18/07/2022 au 30/09/2022
Orcier (74550),Crise,zone : bassin du Sud-Ouest Lémanique (eaux superficielles)<br>arrêté valable du 05/08/2022 au 30/09/2022
Passy (74190),Alerte,zone : bassin du l Arve amont (eaux superficielles)<br>arrêté valable du 18/07/2022 au 30/09/2022
Peillonnex (74250),Alerte renforcée,zone : bassin de l Arve aval (eaux superficielles)<br>arrêté valable du 18/07/2022 au 30/09/2022
Perrignier (74550),Crise,zone : bassin du Sud-Ouest Lémanique (eaux superficielles)<br>arrêté valable du 05/08/2022 au 30/09/2022
Pers-Jussy (74930),Alerte renforcée,zone : bassin de l Arve aval (eaux superficielles)<br>arrêté valable du 18/07/2022 au 30/09/2022
Poisy (74330),Crise,zone : bassin du Fier (eaux superficielles)<br>arrêté valable du 05/08/2022 au 30/09/2022
Praz-sur-Arly (74120),Alerte,zone : bassin du l Arve amont (eaux superficielles)<br>arrêté valable du 18/07/2022 au 30/09/2022
Présilly (74160),Alerte,zone : bassin du Genevois (eaux superficielles)<br>arrêté valable du 23/09/2022 au 30/10/2022
Présilly (74160),Crise,zone : bassin des Usses (eaux superficielles)<br>arrêté valable du 05/08/2022 au 30/09/2022
Publier (74500),Crise,zone : bassin des Dranses (eaux superficielles)<br>arrêté valable du 05/08/2022 au 30/09/2022
Quintal (74600),Crise,zone : bassin du Fier (eaux superficielles)<br>arrêté valable du 05/08/2022 au 30/09/2022
Quintal (74600),Crise,zone : bassin du Chéran (eaux superficielles)<br>arrêté valable du 27/07/2022 au 30/09/2022
Reignier-Ésery (74930),Alerte renforcée,zone : bassin de l Arve aval (eaux superficielles)<br>arrêté valable du 18/07/2022 au 30/09/2022
Reyvroz (74200),Crise,zone : bassin des Dranses (eaux superficielles)<br>arrêté valable du 05/08/2022 au 30/09/2022
Rumilly (74150),Crise,zone : bassin du Chéran (eaux superficielles)<br>arrêté valable du 27/07/2022 au 30/09/2022
Saint-André-de-Boëge (74420),Alerte renforcée,zone : bassin de l Arve aval (eaux superficielles)<br>arrêté valable du 18/07/2022 au 30/09/2022
Saint-Blaise (74350),Crise,zone : bassin des Usses (eaux superficielles)<br>arrêté valable du 05/08/2022 au 30/09/2022
Saint-Cergues (74140),Alerte renforcée,zone : bassin de l Arve aval (eaux superficielles)<br>arrêté valable du 18/07/2022 au 30/09/2022
Saint-Eustache (74410),Crise,zone : bassin du Fier (eaux superficielles)<br>arrêté valable du 05/08/2022 au 30/09/2022
Saint-Eusèbe (74150),Crise,zone : bassin du Fier (eaux superficielles)<br>arrêté valable du 05/08/2022 au 30/09/2022
Saint-Ferréol (74210),Crise,zone : bassin du Fier (eaux superficielles)<br>arrêté valable du 05/08/2022 au 30/09/2022
Saint-Félix (74540),Crise,zone : bassin du Chéran (eaux superficielles)<br>arrêté valable du 27/07/2022 au 30/09/2022
Saint-Germain-sur-Rhône (74910),Crise,zone : bassin des Usses (eaux superficielles)<br>arrêté valable du 05/08/2022 au 30/09/2022
Saint-Gervais-les-Bains (74170),Alerte,zone : bassin du l Arve amont (eaux superficielles)<br>arrêté valable du 18/07/2022 au 30/09/2022
Saint-Gingolph (74500),Crise,zone : bassin des Dranses (eaux superficielles)<br>arrêté valable du 05/08/2022 au 30/09/2022
Saint-Jean-d'Aulps (74430),Crise,zone : bassin des Dranses (eaux superficielles)<br>arrêté valable du 05/08/2022 au 30/09/2022
Saint-Jean-de-Sixt (74450),Crise,zone : bassin du Fier (eaux superficielles)<br>arrêté valable du 05/08/2022 au 30/09/2022
Saint-Jean-de-Tholome (74250),Alerte renforcée,zone : bassin de l Arve aval (eaux superficielles)<br>arrêté valable du 18/07/2022 au 30/09/2022
Saint-Jeoire (74490),Alerte renforcée,zone : bassin de l Arve médian (eaux superficielles)<br>arrêté valable du 18/07/2022 au 30/09/2022
Saint-Jorioz (74410),Crise,zone : bassin du Fier (eaux superficielles)<br>arrêté valable du 05/08/2022 au 30/09/2022
Saint-Julien-en-Genevois (74160),Alerte,zone : bassin du Genevois (eaux superficielles)<br>arrêté valable du 23/09/2022 au 30/10/2022
Saint-Laurent (74800),Alerte renforcée,zone : bassin de l Arve aval (eaux superficielles)<br>arrêté valable du 18/07/2022 au 30/09/2022
Saint-Paul-en-Chablais (74500),Crise,zone : bassin des Dranses (eaux superficielles)<br>arrêté valable du 05/08/2022 au 30/09/2022
Saint-Pierre-en-Faucigny (74800),Alerte renforcée,zone : bassin de l Arve médian (eaux superficielles)<br>arrêté valable du 18/07/2022 au 30/09/2022
Saint-Sigismond (74300),Alerte renforcée,zone : bassin de l Arve médian (eaux superficielles)<br>arrêté valable du 18/07/2022 au 30/09/2022
Saint-Sixt (74800),Alerte renforcée,zone : bassin de l Arve aval (eaux superficielles)<br>arrêté valable du 18/07/2022 au 30/09/2022
Saint-Sylvestre (74540),Crise,zone : bassin du Chéran (eaux superficielles)<br>arrêté valable du 27/07/2022 au 30/09/2022
Sales (74150),Crise,zone : bassin du Chéran (eaux superficielles)<br>arrêté valable du 27/07/2022 au 30/09/2022
Sallanches (74700),Alerte,zone : bassin du l Arve amont (eaux superficielles)<br>arrêté valable du 18/07/2022 au 30/09/2022
Sallenôves (74270),Crise,zone : bassin des Usses (eaux superficielles)<br>arrêté valable du 05/08/2022 au 30/09/2022
Samoëns (74340),Alerte,zone : bassin du l Arve amont (eaux superficielles)<br>arrêté valable du 18/07/2022 au 30/09/2022
Savigny (74520),Crise,zone : bassin des Usses (eaux superficielles)<br>arrêté valable du 05/08/2022 au 30/09/2022
Saxel (74420),Alerte renforcée,zone : bassin de l Arve aval (eaux superficielles)<br>arrêté valable du 18/07/2022 au 30/09/2022
Scientrier (74930),Alerte renforcée,zone : bassin de l Arve aval (eaux superficielles)<br>arrêté valable du 18/07/2022 au 30/09/2022
Sciez (74140),Crise,zone : bassin du Sud-Ouest Lémanique (eaux superficielles)<br>arrêté valable du 05/08/2022 au 30/09/2022
Scionzier (74950),Alerte renforcée,zone : bassin de l Arve médian (eaux superficielles)<br>arrêté valable du 18/07/2022 au 30/09/2022
Serraval (74230),Crise,zone : bassin du Fier (eaux superficielles)<br>arrêté valable du 05/08/2022 au 30/09/2022
Servoz (74310),Alerte,zone : bassin du l Arve amont (eaux superficielles)<br>arrêté valable du 18/07/2022 au 30/09/2022
Sevrier (74320),Crise,zone : bassin du Fier (eaux superficielles)<br>arrêté valable du 05/08/2022 au 30/09/2022
Seyssel (74910),Crise,zone : bassin des Usses (eaux superficielles)<br>arrêté valable du 05/08/2022 au 30/09/2022
Seytroux (74430),Crise,zone : bassin des Dranses (eaux superficielles)<br>arrêté valable du 05/08/2022 au 30/09/2022
Sillingy (74330),Crise,zone : bassin des Usses (eaux superficielles)<br>arrêté valable du 05/08/2022 au 30/09/2022
Sixt-Fer-à-Cheval (74740),Alerte,zone : bassin du l Arve amont (eaux superficielles)<br>arrêté valable du 18/07/2022 au 30/09/2022
"Talloires-Montmin (74210, 74290)",Crise,zone : bassin du Fier (eaux superficielles)<br>arrêté valable du 05/08/2022 au 30/09/2022
Taninges (74440),Alerte renforcée,zone : bassin de l Arve médian (eaux superficielles)<br>arrêté valable du 18/07/2022 au 30/09/2022
Thollon-les-Mémises (74500),Crise,zone : bassin des Dranses (eaux superficielles)<br>arrêté valable du 05/08/2022 au 30/09/2022
Thonon-les-Bains (74200),Crise,zone : bassin du Sud-Ouest Lémanique (eaux superficielles)<br>arrêté valable du 05/08/2022 au 30/09/2022
Thusy (74150),Crise,zone : bassin du Fier (eaux superficielles)<br>arrêté valable du 05/08/2022 au 30/09/2022
Thyez (74300),Alerte renforcée,zone : bassin de l Arve médian (eaux superficielles)<br>arrêté valable du 18/07/2022 au 30/09/2022
Thônes (74230),Crise,zone : bassin du Fier (eaux superficielles)<br>arrêté valable du 05/08/2022 au 30/09/2022
Usinens (74910),Crise,zone : bassin des Usses (eaux superficielles)<br>arrêté valable du 05/08/2022 au 30/09/2022
Vacheresse (74360),Crise,zone : bassin des Dranses (eaux superficielles)<br>arrêté valable du 05/08/2022 au 30/09/2022
Vailly (74470),Crise,zone : bassin des Dranses (eaux superficielles)<br>arrêté valable du 05/08/2022 au 30/09/2022
Val de Chaise (74210),Crise,zone : bassin du Fier (eaux superficielles)<br>arrêté valable du 05/08/2022 au 30/09/2022
Valleiry (74520),Alerte,zone : bassin du Genevois (eaux superficielles)<br>arrêté valable du 23/09/2022 au 30/10/2022
Vallières-sur-Fier (74150),Crise,zone : bassin du Fier (eaux superficielles)<br>arrêté valable du 05/08/2022 au 30/09/2022
Vallorcine (74660),Alerte,zone : bassin du l Arve amont (eaux superficielles)<br>arrêté valable du 18/07/2022 au 30/09/2022
Vanzy (74270),Crise,zone : bassin des Usses (eaux superficielles)<br>arrêté valable du 05/08/2022 au 30/09/2022
Vaulx (74150),Crise,zone : bassin du Fier (eaux superficielles)<br>arrêté valable du 05/08/2022 au 30/09/2022
Veigy-Foncenex (74140),Crise,zone : bassin du Sud-Ouest Lémanique (eaux superficielles)<br>arrêté valable du 05/08/2022 au 30/09/2022
Verchaix (74440),Alerte,zone : bassin du l Arve amont (eaux superficielles)<br>arrêté valable du 18/07/2022 au 30/09/2022
Vers (74160),Alerte,zone : bassin du Genevois (eaux superficielles)<br>arrêté valable du 23/09/2022 au 30/10/2022
Vers (74160),Crise,zone : bassin des Usses (eaux superficielles)<br>arrêté valable du 05/08/2022 au 30/09/2022
Versonnex (74150),Crise,zone : bassin du Fier (eaux superficielles)<br>arrêté valable du 05/08/2022 au 30/09/2022
Veyrier-du-Lac (74290),Crise,zone : bassin du Fier (eaux superficielles)<br>arrêté valable du 05/08/2022 au 30/09/2022
Villard (74420),Alerte renforcée,zone : bassin de l Arve aval (eaux superficielles)<br>arrêté valable du 18/07/2022 au 30/09/2022
Villaz (74370),Crise,zone : bassin du Fier (eaux superficielles)<br>arrêté valable du 05/08/2022 au 30/09/2022
Ville-en-Sallaz (74250),Alerte renforcée,zone : bassin de l Arve aval (eaux superficielles)<br>arrêté valable du 18/07/2022 au 30/09/2022
Ville-la-Grand (74100),Alerte renforcée,zone : bassin de l Arve aval (eaux superficielles)<br>arrêté valable du 18/07/2022 au 30/09/2022
Villy-le-Bouveret (74350),Crise,zone : bassin des Usses (eaux superficielles)<br>arrêté valable du 05/08/2022 au 30/09/2022
Villy-le-Pelloux (74350),Crise,zone : bassin des Usses (eaux superficielles)<br>arrêté valable du 05/08/2022 au 30/09/2022
Vinzier (74500),Crise,zone : bassin des Dranses (eaux superficielles)<br>arrêté valable du 05/08/2022 au 30/09/2022
Viry (74580),Alerte,zone : bassin du Genevois (eaux superficielles)<br>arrêté valable du 23/09/2022 au 30/10/2022
Viuz-en-Sallaz (74250),Alerte renforcée,zone : bassin de l Arve aval (eaux superficielles)<br>arrêté valable du 18/07/2022 au 30/09/2022
Viuz-la-Chiésaz (74540),Crise,zone : bassin du Chéran (eaux superficielles)<br>arrêté valable du 27/07/2022 au 30/09/2022
Vougy (74130),Alerte renforcée,zone : bassin de l Arve médian (eaux superficielles)<br>arrêté valable du 18/07/2022 au 30/09/2022
Vovray-en-Bornes (74350),Crise,zone : bassin des Usses (eaux superficielles)<br>arrêté valable du 05/08/2022 au 30/09/2022
Vulbens (74520),Alerte,zone : bassin du Genevois (eaux superficielles)<br>arrêté valable du 23/09/2022 au 30/10/2022
Vétraz-Monthoux (74100),Alerte renforcée,zone : bassin de l Arve aval (eaux superficielles)<br>arrêté valable du 18/07/2022 au 30/09/2022
Yvoire (74140),Crise,zone : bassin du Sud-Ouest Lémanique (eaux superficielles)<br>arrêté valable du 05/08/2022 au 30/09/2022
Éloise (01200),Crise,zone : bassin des Usses (eaux superficielles)<br>arrêté valable du 05/08/2022 au 30/09/2022
Étercy (74150),Crise,zone : bassin du Fier (eaux superficielles)<br>arrêté valable du 05/08/2022 au 30/09/2022
Étrembières (74100),Alerte renforcée,zone : bassin de l Arve aval (eaux superficielles)<br>arrêté valable du 18/07/2022 au 30/09/2022
Évian-les-Bains (74500),Crise,zone : bassin des Dranses (eaux superficielles)<br>arrêté valable du 05/08/2022 au 30/09/2022
Arpavon (26110),Aucun arrêté référencé au 24/09/2022,
Aubres (26110),Aucun arrêté référencé au 24/09/2022,
Aulan (26570),Aucun arrêté référencé au 24/09/2022,
Ayat-sur-Sioule (63390),Aucun arrêté référencé au 24/09/2022,
Barret-de-Lioure (26570),Aucun arrêté référencé au 24/09/2022,
Beauvoisin (26170),Aucun arrêté référencé au 24/09/2022,
Bellecombe-Tarendol (26110),Aucun arrêté référencé au 24/09/2022,
Bellegarde-en-Diois (26470),Aucun arrêté référencé au 24/09/2022,
Boisset (15600),Aucun arrêté référencé au 24/09/2022,
Bouchet (26790),Aucun arrêté référencé au 24/09/2022,
Bromont-Lamothe (63230),Aucun arrêté référencé au 24/09/2022,
Buis-les-Baronnies (26170),Aucun arrêté référencé au 24/09/2022,
Bénivay-Ollon (26170),Aucun arrêté référencé au 24/09/2022,
Bésignan (26110),Aucun arrêté référencé au 24/09/2022,
Cassaniouze (15340),Aucun arrêté référencé au 24/09/2022,
Cayrols (15290),Aucun arrêté référencé au 24/09/2022,
Ceyssat (63210),Aucun arrêté référencé au 24/09/2022,
Chapdes-Beaufort (63230),Aucun arrêté référencé au 24/09/2022,
Chaudebonne (26110),Aucun arrêté référencé au 24/09/2022,
Chauvac-Laux-Montaux (26510),Aucun arrêté référencé au 24/09/2022,
Châteauneuf-de-Bordette (26110),Aucun arrêté référencé au 24/09/2022,
Châteauneuf-du-Rhône (26780),Aucun arrêté référencé au 24/09/2022,
Châteauneuf-les-Bains (63390),Aucun arrêté référencé au 24/09/2022,
Cisternes-la-Forêt (63740),Aucun arrêté référencé au 24/09/2022,
Colonzelle (26230),Aucun arrêté référencé au 24/09/2022,
Combrailles (63380),Aucun arrêté référencé au 24/09/2022,
Condat-en-Combraille (63380),Aucun arrêté référencé au 24/09/2022,
Condorcet (26110),Aucun arrêté référencé au 24/09/2022,
Cornillac (26510),Aucun arrêté référencé au 24/09/2022,
Cornillon-sur-l'Oule (26510),Aucun arrêté référencé au 24/09/2022,
Curnier (26110),Aucun arrêté référencé au 24/09/2022,
Donzère (26290),Aucun arrêté référencé au 24/09/2022,
Durmignat (63700),Aucun arrêté référencé au 24/09/2022,
Establet (26470),Aucun arrêté référencé au 24/09/2022,
Eygaliers (26170),Aucun arrêté référencé au 24/09/2022,
Eyroles (26110),Aucun arrêté référencé au 24/09/2022,
Ferrassières (26570),Aucun arrêté référencé au 24/09/2022,
Gelles (63740),Aucun arrêté référencé au 24/09/2022,
Grignan (26230),Aucun arrêté référencé au 24/09/2022,
Herment (63470),Aucun arrêté référencé au 24/09/2022,
Heume-l'Église (63210),Aucun arrêté référencé au 24/09/2022,
Junhac (15120),Aucun arrêté référencé au 24/09/2022,
La Baume-de-Transit (26790),Aucun arrêté référencé au 24/09/2022,
La Celle (63620),Aucun arrêté référencé au 24/09/2022,
La Charce (26470),Aucun arrêté référencé au 24/09/2022,
La Goutelle (63230),Aucun arrêté référencé au 24/09/2022,
La Motte-Chalancon (26470),Aucun arrêté référencé au 24/09/2022,
La Penne-sur-l'Ouvèze (26170),Aucun arrêté référencé au 24/09/2022,
La Roche-sur-le-Buis (26170),Aucun arrêté référencé au 24/09/2022,
La Rochette-du-Buis (26170),Aucun arrêté référencé au 24/09/2022,
Landogne (63380),Aucun arrêté référencé au 24/09/2022,
Laqueuille (63820),Aucun arrêté référencé au 24/09/2022,
Le Poët-Sigillat (26110),Aucun arrêté référencé au 24/09/2022,
Le Poët-en-Percip (26170),Aucun arrêté référencé au 24/09/2022,
Le Pègue (26770),Aucun arrêté référencé au 24/09/2022,
Le Trioulou (15600),Aucun arrêté référencé au 24/09/2022,
Lemps (26510),Aucun arrêté référencé au 24/09/2022,
Les Ancizes-Comps (63770),Aucun arrêté référencé au 24/09/2022,
Les Pilles (26110),Aucun arrêté référencé au 24/09/2022,
Leynhac (15600),Aucun arrêté référencé au 24/09/2022,
Malataverne (26780),Aucun arrêté référencé au 24/09/2022,
Marcillat (63440),Aucun arrêté référencé au 24/09/2022,
Mazaye (63230),Aucun arrêté référencé au 24/09/2022,
Menat (63560),Aucun arrêté référencé au 24/09/2022,
Mirabel-aux-Baronnies (26110),Aucun arrêté référencé au 24/09/2022,
Miremont (63380),Aucun arrêté référencé au 24/09/2022,
Mollans-sur-Ouvèze (26170),Aucun arrêté référencé au 24/09/2022,
Montauban-sur-l'Ouvèze (26170),Aucun arrêté référencé au 24/09/2022,
Montaulieu (26110),Aucun arrêté référencé au 24/09/2022,
Montbrison-sur-Lez (26770),Aucun arrêté référencé au 24/09/2022,
Montbrun-les-Bains (26570),Aucun arrêté référencé au 24/09/2022,
Montel-de-Gelat (63380),Aucun arrêté référencé au 24/09/2022,
Montfermy (63230),Aucun arrêté référencé au 24/09/2022,
Montferrand-la-Fare (26510),Aucun arrêté référencé au 24/09/2022,
Montguers (26170),Aucun arrêté référencé au 24/09/2022,
Montjoux (26220),Aucun arrêté référencé au 24/09/2022,
Montmurat (15600),Aucun arrêté référencé au 24/09/2022,
Montréal-les-Sources (26510),Aucun arrêté référencé au 24/09/2022,
Montségur-sur-Lauzon (26130),Aucun arrêté référencé au 24/09/2022,
Moureuille (63700),Aucun arrêté référencé au 24/09/2022,
Mérindol-les-Oliviers (26170),Aucun arrêté référencé au 24/09/2022,
Mévouillon (26560),Aucun arrêté référencé au 24/09/2022,
Neuf-Église (63560),Aucun arrêté référencé au 24/09/2022,
Nyons (26110),Aucun arrêté référencé au 24/09/2022,
Olby (63210),Aucun arrêté référencé au 24/09/2022,
Pelonne (26510),Aucun arrêté référencé au 24/09/2022,
Pierrelatte (26700),Aucun arrêté référencé au 24/09/2022,
Pierrelongue (26170),Aucun arrêté référencé au 24/09/2022,
Piégon (26110),Aucun arrêté référencé au 24/09/2022,
Plaisians (26170),Aucun arrêté référencé au 24/09/2022,
Pommerol (26470),Aucun arrêté référencé au 24/09/2022,
Pontaumur (63380),Aucun arrêté référencé au 24/09/2022,
Pontgibaud (63230),Aucun arrêté référencé au 24/09/2022,
Pouzol (63440),Aucun arrêté référencé au 24/09/2022,
Prondines (63470),Aucun arrêté référencé au 24/09/2022,
Propiac (26170),Aucun arrêté référencé au 24/09/2022,
Puy-Saint-Gulmier (63470),Aucun arrêté référencé au 24/09/2022,
Puycapel (15340),Aucun arrêté référencé au 24/09/2022,
Queuille (63780),Aucun arrêté référencé au 24/09/2022,
Reilhanette (26570),Aucun arrêté référencé au 24/09/2022,
Rioms (26170),Aucun arrêté référencé au 24/09/2022,
Roche-Saint-Secret-Béconne (26770),Aucun arrêté référencé au 24/09/2022,
Rochebrune (26110),Aucun arrêté référencé au 24/09/2022,
Rochefort-Montagne (63210),Aucun arrêté référencé au 24/09/2022,
Rochegude (26790),Aucun arrêté référencé au 24/09/2022,
Rottier (26470),Aucun arrêté référencé au 24/09/2022,
Rousset-les-Vignes (26770),Aucun arrêté référencé au 24/09/2022,
Roussieux (26510),Aucun arrêté référencé au 24/09/2022,
Rouziers (15600),Aucun arrêté référencé au 24/09/2022,
Rémuzat (26510),Aucun arrêté référencé au 24/09/2022,
Sahune (26510),Aucun arrêté référencé au 24/09/2022,
Saint-Antoine (15220),Aucun arrêté référencé au 24/09/2022,
Saint-Auban-sur-l'Ouvèze (26170),Aucun arrêté référencé au 24/09/2022,
Saint-Avit (63380),Aucun arrêté référencé au 24/09/2022,
Saint-Bonnet-près-Orcival (63210),Aucun arrêté référencé au 24/09/2022,
Saint-Constant-Fournoulès (15600),Aucun arrêté référencé au 24/09/2022,
Saint-Dizier-en-Diois (26310),Aucun arrêté référencé au 24/09/2022,
Saint-Ferréol-Trente-Pas (26110),Aucun arrêté référencé au 24/09/2022,
Saint-Gal-sur-Sioule (63440),Aucun arrêté référencé au 24/09/2022,
Saint-Gervais-d'Auvergne (63390),Aucun arrêté référencé au 24/09/2022,
Saint-Hilaire-les-Monges (63380),Aucun arrêté référencé au 24/09/2022,
Saint-Jacques-d'Ambur (63230),Aucun arrêté référencé au 24/09/2022,
Saint-Julien-la-Geneste (63390),Aucun arrêté référencé au 24/09/2022,
Saint-Maurice-sur-Eygues (26110),Aucun arrêté référencé au 24/09/2022,
Saint-May (26510),Aucun arrêté référencé au 24/09/2022,
Saint-Pantaléon-les-Vignes (26770),Aucun arrêté référencé au 24/09/2022,
Saint-Pierre-Roche (63210),Aucun arrêté référencé au 24/09/2022,
Saint-Pierre-le-Chastel (63230),Aucun arrêté référencé au 24/09/2022,
Saint-Priest-des-Champs (63640),Aucun arrêté référencé au 24/09/2022,
Saint-Quintin-sur-Sioule (63440),Aucun arrêté référencé au 24/09/2022,
Saint-Restitut (26130),Aucun arrêté référencé au 24/09/2022,
Saint-Santin-de-Maurs (15600),Aucun arrêté référencé au 24/09/2022,
Saint-Sauveur-Gouvernet (26110),Aucun arrêté référencé au 24/09/2022,
Saint-Éloy-les-Mines (63700),Aucun arrêté référencé au 24/09/2022,
Saint-Étienne-de-Maurs (15600),Aucun arrêté référencé au 24/09/2022,
Saint-Étienne-des-Champs (63380),Aucun arrêté référencé au 24/09/2022,
Sainte-Christine (63390),Aucun arrêté référencé au 24/09/2022,
Sainte-Euphémie-sur-Ouvèze (26170),Aucun arrêté référencé au 24/09/2022,
Sainte-Jalle (26110),Aucun arrêté référencé au 24/09/2022,
Salles-sous-Bois (26770),Aucun arrêté référencé au 24/09/2022,
Sansac-Veinazès (15120),Aucun arrêté référencé au 24/09/2022,
Sauret-Besserve (63390),Aucun arrêté référencé au 24/09/2022,
Sauvagnat (63470),Aucun arrêté référencé au 24/09/2022,
Servant (63560),Aucun arrêté référencé au 24/09/2022,
Solérieux (26130),Aucun arrêté référencé au 24/09/2022,
Suze-la-Rousse (26790),Aucun arrêté référencé au 24/09/2022,
Sénezergues (15340),Aucun arrêté référencé au 24/09/2022,
Taulignan (26770),Aucun arrêté référencé au 24/09/2022,
Teilhet (63560),Aucun arrêté référencé au 24/09/2022,
Teyssières (26220),Aucun arrêté référencé au 24/09/2022,
Tralaigues (63380),Aucun arrêté référencé au 24/09/2022,
Tulette (26790),Aucun arrêté référencé au 24/09/2022,
Valouse (26110),Aucun arrêté référencé au 24/09/2022,
Venterol (26110),Aucun arrêté référencé au 24/09/2022,
Verclause (26510),Aucun arrêté référencé au 24/09/2022,
Vercoiran (26170),Aucun arrêté référencé au 24/09/2022,
Vesc (26220),Aucun arrêté référencé au 24/09/2022,
Vieillevie (15120),Aucun arrêté référencé au 24/09/2022,
Villeperdrix (26510),Aucun arrêté référencé au 24/09/2022,
Villossanges (63380),Aucun arrêté référencé au 24/09/2022,
Vinsobres (26110),Aucun arrêté référencé au 24/09/2022,
Vitrac (15220),Aucun arrêté référencé au 24/09/2022,
Voingt (63620),Aucun arrêté référencé au 24/09/2022,
